579.479675,44.995777,610.484192,295.961853
605.974121,123.561501,606.014709,118.135666
213.497314,357.500946,201.994553,366.995728
213.497314,357.500946,208.018372,362.981506
153.932083,404.445068,294.009430,325.979248
654.987793,459.500305,380.997284,161.000046
273.989716,475.998383,297.017731,460.992249
795.485840,971.952820,804.019470,932.989014
602.494751,28.500607,318.500397,409.999878
738.012512,126.501930,384.496185,655.000183
632.008606,270.993713,631.501770,270.503754
654.501709,365.511566,571.001282,384.486084
865.488098,369.521912,898.007568,383.000183
865.488098,369.521912,898.007568,383.000183
508.974548,380.997467,754.058289,164.990601
888.961792,383.075653,909.973022,390.555511
570.502502,388.004547,571.001282,384.486084
909.494629,396.503967,939.473938,411.531555
931.013672,411.475983,952.465271,422.047974
933.489624,414.018799,952.465271,422.047974
933.489624,414.018799,902.983948,386.508484
937.050415,416.471954,943.020142,414.475677
940.491455,418.978210,943.020142,414.475677
937.004456,420.001465,963.499207,435.004730
540.500366,422.992462,548.502563,421.997253
606.003967,441.976410,608.003113,439.984192
677.504272,461.994446,535.001953,566.000793
468.503601,468.507690,247.001358,353.003174
455.003052,474.500031,455.503632,474.494446
718.491760,477.010864,724.991577,477.018036
721.003113,479.010437,724.991577,477.018036
444.497040,480.003113,437.496002,485.502258
727.002991,482.983856,734.506287,482.983429
730.492554,484.514923,734.506287,482.983429
730.492554,484.514923,724.991577,477.018036
739.991150,490.508148,734.506287,482.983429
745.495117,494.009460,734.506287,482.983429
745.495117,494.009460,724.991577,477.018036
48.966732,501.947540,69.501495,478.511108
720.509216,517.997437,723.992126,517.999451
37.490654,518.521973,11.528746,569.982300
381.500580,546.498230,14.000434,606.000183
460.006958,549.996338,480.500641,150.500595
369.993713,680.495667,373.503815,676.003113
372.996857,684.499451,394.001007,702.505432
383.999634,698.993286,385.007599,691.492310
343.612335,714.514709,754.058289,164.990601
793.003906,734.003906,408.498505,510.998138
36.512501,767.994385,31.505308,743.509338
44.003174,770.496277,791.016968,953.507568
720.501343,774.000305,657.499573,611.497498
39.475666,775.978821,788.495972,957.507874
30.019939,778.499329,807.044678,917.492371
403.002350,782.993225,391.002441,765.495728
408.997070,786.988220,406.001831,779.491821
408.997070,786.988220,421.002838,790.504761
524.496643,787.001343,501.998505,761.500793
563.499207,787.008423,536.999023,762.504517
572.002014,788.486267,601.000854,771.489807
539.000244,790.493347,541.497742,788.010193
604.494446,790.476074,602.500671,788.485657
614.002136,790.475830,619.500549,771.003479
242.990891,804.516174,387.499115,815.987427
830.010071,829.985901,831.011414,861.499207
832.993774,891.495667,802.484558,921.994751
827.490845,898.508972,802.484558,921.994751
821.511047,907.000793,787.494995,944.503113
806.040894,950.508301,782.507019,967.006348
802.028381,958.518372,782.507019,967.006348
793.025391,975.512024,782.507019,967.006348
787.012878,989.011047,782.507019,967.006348
575.998901,31.500816,326.000580,295.499725
591.499634,38.498287,719.001587,829.003662
610.998962,40.000698,730.999146,832.502319
553.000244,41.500870,190.000992,776.499573
580.499451,42.006016,318.500122,311.502838
605.000305,41.999836,711.999084,840.997864
597.999634,44.501480,717.999329,838.499634
593.000732,46.003124,268.999725,342.999573
586.499207,48.000534,490.000153,461.497437
660.499146,50.500271,344.999390,799.501404
578.500061,51.501331,262.999023,345.997528
695.006531,60.493599,711.000671,60.501949
544.000000,60.998821,539.999878,60.999031
535.500793,63.001755,522.500183,64.500832
525.000488,66.499962,532.999146,62.000122
509.999725,69.996765,522.500183,64.500832
498.500305,73.000900,373.000610,301.000397
483.499207,75.999161,560.499878,55.502468
491.000854,75.999069,589.999878,49.501614
477.999542,78.000572,589.999878,49.501614
468.000153,79.497963,373.000610,301.000397
459.001312,81.501663,539.999878,60.999031
449.499878,83.002525,466.499908,75.502251
711.994934,85.498604,741.999390,124.498581
734.500977,86.999413,750.999207,91.000587
708.500122,94.999931,723.003174,101.500023
722.997375,104.504631,729.001770,95.501099
714.499573,105.999969,802.498169,565.001099
588.000488,111.001678,591.000305,107.000793
536.000244,111.499695,562.000427,39.499161
525.001038,114.998444,529.499756,110.996986
721.000610,117.501122,728.998596,113.999557
514.499512,120.001450,426.500916,462.500122
508.000763,123.501312,506.500244,122.999657
621.502197,126.497322,624.999207,122.001968
621.502197,126.497322,624.999207,122.001968
547.500122,128.998962,707.000610,430.000183
581.000183,129.000992,395.999908,825.000366
498.998840,130.500641,502.499268,126.999512
726.998840,131.000595,738.000977,136.000534
627.999573,131.500610,636.500732,131.998474
627.999573,131.500610,768.501526,487.997101
526.500122,132.996857,662.000244,858.000549
494.997528,134.497086,498.999115,129.499847
633.000305,135.497818,636.500732,131.998474
633.000305,135.497818,636.500732,131.998474
730.502014,137.999054,724.999695,105.500069
636.999939,139.497849,640.502197,135.998032
636.999939,139.497849,640.502197,135.998032
509.498810,142.501221,508.499176,143.000305
734.498596,147.501617,749.001221,165.999008
501.997650,149.498886,508.499176,143.000305
480.000031,151.000961,484.498413,144.998871
646.500122,150.998856,811.001221,529.998169
646.500122,150.998856,811.001221,529.998169
736.501465,153.999664,749.001221,165.999008
626.997925,155.500870,559.500000,407.500153
650.498535,156.498962,823.501099,548.498169
371.001007,157.000870,469.000488,174.999069
475.499359,157.500259,480.500641,150.500595
496.497803,157.500900,511.500763,140.001328
642.494080,158.007141,642.501953,150.993881
388.498718,158.498566,302.499512,516.500366
388.498718,158.498566,399.502594,154.999725
653.000366,160.500305,652.000305,150.000671
631.999512,161.000290,310.500946,592.500488
631.999512,161.000290,305.500885,589.499146
472.996338,162.498871,472.503082,165.500092
749.502747,165.001846,757.004883,165.500519
749.502747,165.001846,757.004883,165.500519
367.998962,166.000824,378.000824,168.000809
655.999756,165.999268,826.999451,555.000305
655.999756,165.999268,826.999451,555.000305
367.499084,167.499481,378.000824,168.000809
470.498901,167.502502,472.503082,165.500092
658.001099,170.497971,836.499146,576.500549
658.001099,170.497971,661.501343,169.500259
743.997620,171.501266,741.999634,145.500275
467.001465,174.501373,342.999268,559.000000
661.498962,179.000320,661.501343,169.500259
746.000793,179.000122,802.498169,565.001099
746.499390,179.999390,749.001221,165.999008
749.501038,188.499039,743.498596,151.000320
462.998871,188.999939,341.496613,562.999512
751.997925,196.000824,749.001221,165.999008
387.000244,206.498856,370.501862,595.998840
755.500244,211.000153,763.999878,215.000504
756.000183,212.499451,470.998474,245.500656
386.505219,214.499146,395.505798,206.499878
667.002686,230.500366,727.998291,627.999146
667.002686,230.500366,727.998291,627.999146
462.997711,236.499741,763.999878,215.000504
389.996460,238.000122,397.501801,232.499802
665.000732,240.500610,667.002319,237.000900
665.000732,240.500610,727.998291,627.999146
465.999481,246.499771,753.000732,180.500565
663.002319,247.000031,834.497925,718.000305
663.002319,247.000031,834.497925,718.000305
660.997986,252.999680,663.502502,248.000153
398.000153,255.000092,384.999756,646.500061
470.998413,257.501129,475.499786,255.000366
400.999847,260.999725,412.999908,279.500183
474.499054,262.998383,478.001892,258.998627
655.502686,263.001709,718.001038,534.501404
394.000183,266.499969,667.002380,187.000488
365.504211,269.499451,751.496887,172.999481
651.500732,270.500732,650.498108,270.997833
467.999908,271.000458,468.999695,261.000122
649.000000,273.499481,650.498108,270.997833
366.998627,276.995453,887.000488,684.000061
484.001709,276.997772,485.998260,270.500641
627.498596,277.004120,625.496460,275.001434
633.998535,279.502625,633.500061,278.000641
633.998535,279.502625,633.500061,278.000641
633.001953,279.995148,633.500061,278.000641
369.498352,282.499756,382.502136,279.998444
489.998505,283.502441,495.499634,281.499573
506.503235,287.499298,509.499847,283.001190
506.503235,287.499298,509.499847,283.001190
494.499359,288.000610,495.499634,281.499573
502.499664,294.502930,506.501556,290.998901
517.997437,294.997070,522.004883,291.491547
506.500458,298.000885,510.499939,294.000305
622.499023,298.996033,618.499146,299.001038
344.499725,300.994659,538.998352,53.006344
369.000641,301.000458,381.999847,298.998962
512.498596,301.001007,515.499573,297.000580
364.000854,302.503937,527.999634,63.001835
617.498901,302.497833,618.499146,299.001038
517.999939,303.999390,857.000793,369.999023
358.500946,304.497070,603.000000,45.503365
588.500305,304.498108,679.998230,551.497864
612.501282,304.498199,606.999756,304.498352
352.499207,306.999969,698.500549,846.501770
522.499268,306.998627,522.000427,300.498718
606.500061,307.499786,606.999756,304.498352
346.998840,308.003418,373.000610,301.000397
602.500793,309.500183,589.999878,49.501614
761.498962,309.997894,800.002319,319.999634
341.000458,310.497040,589.999878,49.501614
533.500366,310.497467,536.500427,306.497253
539.000366,311.997437,529.500366,855.498962
593.499817,312.003021,593.499878,308.497131
744.496948,312.003326,782.499512,321.004791
332.500183,312.499603,599.000000,46.001335
747.996826,313.504913,782.499512,321.004791
327.999786,313.999390,610.499390,43.498287
554.000000,315.502747,550.500000,309.999268
563.999939,315.498138,567.000000,311.502502
573.500366,315.500336,579.500122,311.001862
322.999847,315.998657,670.000061,855.500732
408.000610,316.001068,413.499298,303.500549
741.002197,317.994537,776.500061,325.499084
763.000549,319.494446,800.000244,328.504547
726.500183,320.999329,523.499817,854.501709
391.500702,322.499695,397.500763,309.999939
751.999573,323.497498,790.998047,332.501160
281.004089,324.999542,227.499237,354.996460
300.000000,325.001404,723.999634,835.999634
659.498901,325.000702,552.999084,23.996031
645.000549,330.000732,698.501343,465.502106
287.499237,330.501465,302.499603,326.997681
402.999695,331.002411,408.498871,319.502563
281.499817,333.497955,281.999573,336.999695
774.999451,336.001099,809.999634,345.501190
275.500427,336.501343,704.999390,844.000732
812.999268,337.989197,459.001160,413.001129
782.499390,338.999603,819.499268,349.500214
271.000366,339.502686,316.499268,321.497070
265.000519,342.003174,247.001358,353.003174
227.502548,343.506622,262.003357,328.504517
227.502548,343.506622,262.003357,328.504517
793.500549,343.500549,819.499268,349.500214
794.499512,343.998962,819.499268,349.500214
259.498352,345.996643,618.499146,299.001038
665.001221,345.998718,666.997925,347.501099
665.001221,345.998718,666.997925,347.501099
799.500854,345.997162,816.001526,347.999023
643.502075,347.001556,559.503479,368.004669
472.000549,348.999634,228.499847,765.499939
250.999115,349.501862,190.500229,387.001587
841.501404,349.998810,800.002319,319.999634
677.000183,350.499969,660.499756,150.499954
494.999756,351.499573,198.999741,769.999634
212.003220,352.001862,96.499985,775.999817
812.999451,352.501221,839.498657,359.501404
245.499008,353.000916,296.000549,330.503235
670.000549,353.000916,585.998718,374.000641
670.000549,353.000916,585.998718,374.000641
244.500946,353.500031,278.998840,338.498535
487.499084,353.501129,594.499756,339.000885
479.499634,354.000000,318.000183,775.498718
541.000183,353.998840,220.000092,767.500061
641.000000,355.000580,555.500671,375.001465
648.006531,354.996399,563.494263,374.499451
611.499451,355.499420,110.999847,793.500000
607.999573,356.498718,110.999847,793.500000
237.498520,356.998199,221.000717,368.003448
718.499512,357.499451,670.503479,216.499969
672.999207,360.000427,839.499146,583.000793
230.499054,360.998627,262.999023,345.997528
827.500793,360.998840,522.000427,300.498718
877.500732,362.499451,878.498352,363.500366
862.001465,363.999054,894.501404,377.496002
223.999619,364.499878,286.999603,334.500061
680.499573,364.500122,600.499695,396.499817
700.000671,365.000397,622.999817,493.500397
717.999817,364.999908,727.998291,627.999146
565.001099,366.002441,567.000671,361.999329
674.495911,366.500458,728.999023,602.500366
187.499237,367.001312,222.499771,348.000519
216.000183,368.001465,281.999573,336.999695
885.999512,368.998047,930.499451,391.494934
845.500916,369.999329,872.499939,379.001801
681.999878,370.999054,409.999481,264.500549
488.499878,371.504303,563.000000,311.000183
209.500656,371.998901,203.501709,377.998779
877.503723,371.993286,787.999023,323.004272
582.502075,373.498840,666.997925,347.501099
582.502075,373.498840,666.997925,347.501099
866.497498,373.503845,776.500061,325.499084
716.497620,374.000336,722.496521,369.999390
716.497620,374.000336,371.497528,581.000366
873.986572,374.013519,914.016479,392.987152
854.001099,374.498077,900.999756,396.498901
867.997375,374.501465,894.999023,385.006042
881.004517,374.492065,913.003479,388.500061
868.997498,375.003174,918.002258,399.996216
203.501373,375.999146,203.501709,377.998779
574.505249,375.989685,576.005676,373.495392
870.503906,375.997498,918.002258,399.996216
871.495239,376.501221,776.500061,325.499084
715.999817,377.000061,371.497528,581.000366
775.499146,376.999969,777.501221,382.500549
860.000610,377.501038,900.999756,396.498901
576.499817,378.000458,576.005676,373.495392
642.501770,377.999512,642.500671,374.999695
479.999176,379.000183,491.999420,371.500885
198.500076,379.501770,179.499878,394.499359
586.499268,379.501038,585.998718,374.000641
586.499268,379.501038,585.998718,374.000641
876.499817,379.494568,782.499146,327.990479
168.501175,380.499573,844.500000,398.500336
789.500671,380.500916,791.000000,386.499695
865.498413,380.502014,925.499878,414.498871
823.999573,380.998260,830.000305,886.998840
892.502502,381.001068,913.003479,388.500061
769.500793,382.000763,769.501038,388.503235
714.501160,382.999268,719.502869,383.499390
714.501160,382.999268,719.502869,383.499390
895.994934,383.008942,917.500916,390.998535
192.998489,383.498535,158.500580,409.002228
439.501068,383.998749,777.501221,382.500549
672.996460,384.498596,671.497253,389.496948
157.498383,384.996857,411.999115,458.500305
899.000061,384.998749,917.500916,390.998535
176.001831,385.502899,202.497742,370.000702
176.001831,385.502899,211.501846,364.002625
793.007080,385.503754,794.001831,391.499603
793.007080,385.503754,794.001831,391.499603
895.011414,386.473877,914.016479,392.987152
187.000351,386.999969,190.500229,387.001587
434.498535,387.498871,742.501404,393.000793
483.501526,388.502228,605.001831,120.501953
713.501465,388.500732,726.505859,633.000916
786.499329,389.001099,786.999512,395.001099
148.002060,389.500092,413.499969,391.499725
670.500732,389.501617,671.497253,389.496948
713.001587,389.500397,726.505859,633.000916
741.500793,389.499237,742.501404,393.000793
900.004028,389.489227,930.995789,404.507446
900.004028,389.489227,914.016479,392.987152
907.003174,390.498230,922.503662,394.494049
907.003174,390.498230,925.503845,396.496185
431.500702,391.000061,742.501404,393.000793
895.002258,390.994507,909.507202,393.999420
907.995361,391.002106,922.503662,394.494049
907.995361,391.002106,925.503845,396.496185
667.000916,391.501953,585.500000,411.000610
492.497284,392.498901,608.002869,121.999214
764.503235,392.491241,764.997864,398.001831
897.501709,392.496307,928.501038,407.502899
910.996033,393.004944,925.503845,396.496185
899.501709,393.498322,918.002258,399.996216
900.498291,394.001617,918.002258,399.996216
176.498810,394.499420,180.499420,394.000183
737.501465,394.501038,739.503113,398.001190
690.000427,395.000092,698.999084,388.500244
889.001160,394.998871,925.499878,414.498871
776.000061,395.499878,778.000305,401.000092
914.001770,395.996429,936.998840,405.498138
736.499817,396.499725,773.498413,385.496857
446.999695,397.500305,138.500137,784.501038
592.998840,397.500061,592.999756,394.500092
919.007080,399.500946,943.502319,410.498138
392.999786,400.499268,834.000000,408.500061
554.500122,400.999481,817.000305,857.499634
924.503967,403.504578,943.502319,410.498138
924.503967,403.504578,917.500916,390.998535
489.999542,404.000061,624.999146,146.999313
489.999542,404.000061,821.000793,358.999878
670.999573,404.502808,672.500671,404.997986
346.000214,404.998383,373.500061,393.499237
713.500244,405.496704,715.000427,409.003906
352.500092,406.000092,232.000214,770.499207
803.503052,406.499908,804.997559,413.499023
812.001587,406.500641,812.506531,412.996124
918.504700,406.997711,918.002258,399.996216
660.501099,407.501129,662.498596,406.998901
705.002930,407.499695,707.002441,411.000854
929.503357,407.492767,948.996338,414.999695
407.000854,407.999542,420.000916,412.499542
749.999512,408.499420,820.500000,927.499878
590.500122,408.998383,588.997253,407.997528
402.000977,411.500366,311.501099,433.000214
655.000488,411.500275,654.500916,412.502869
935.501160,411.499695,943.502319,410.498138
935.501160,411.499695,954.005859,418.993866
567.501648,412.500031,566.997681,407.998566
151.499741,412.998138,179.499878,394.499359
560.499390,412.998871,625.500000,581.500671
586.502319,413.000061,585.500000,411.000610
927.503357,412.996887,945.994751,420.509003
650.500916,414.000519,638.500671,418.498138
684.998779,414.999603,685.999084,418.499908
398.500122,415.499481,51.500237,736.001038
625.499390,415.499298,539.000000,93.999695
116.999405,416.001373,147.500015,394.002350
147.998260,415.998840,147.998611,416.498383
147.001465,416.501587,179.499878,394.499359
372.499908,416.500427,687.999634,467.004761
577.499817,416.498199,579.499084,413.499023
646.003113,416.500763,656.000977,603.500000
700.500854,416.508392,700.499695,420.498627
921.001160,416.999268,925.499878,414.498871
448.500488,417.499573,835.999573,338.500427
329.499817,418.500519,138.500137,784.501038
726.000610,418.501831,726.000061,422.499023
944.502930,418.500793,948.996338,414.999695
327.000031,418.999695,788.999146,448.997864
608.000427,418.999756,598.500061,763.500061
344.500244,419.500305,159.000229,787.999634
719.999268,419.500458,538.499634,124.000008
789.500549,419.499573,792.000732,425.998779
567.999573,420.000427,640.499451,590.999756
639.001343,419.999329,656.000977,603.500000
141.999039,420.500153,135.500702,427.500854
346.999725,420.500305,365.000214,408.500702
393.000031,420.500000,333.999359,314.999420
635.001160,420.499603,638.500671,418.498138
928.498718,421.001923,930.999268,417.500519
539.999634,421.500153,545.998901,418.000732
631.998962,421.999725,646.001343,416.503571
625.001465,424.003723,656.000977,603.500000
649.496887,423.998810,647.502014,424.495483
942.495544,424.003784,970.504272,440.995575
136.501465,424.499664,152.000458,413.001312
617.500427,424.997894,644.000000,606.003296
786.000061,424.999786,816.000061,891.500122
713.000305,425.499176,623.000122,354.999908
713.000305,425.499176,860.000000,899.500061
933.000977,425.499878,937.000305,422.000488
598.999878,426.002289,598.500549,423.499084
644.001099,426.010254,647.502014,424.495483
953.999268,426.000000,954.005859,418.993866
972.501099,427.003204,355.499634,786.998535
451.002411,427.994263,461.502838,419.999603
548.002930,427.997406,544.997253,575.497559
548.002930,427.997406,544.997253,575.497559
131.500153,428.501190,147.998611,416.498383
365.000183,428.999115,168.000656,792.000671
552.500122,431.499908,554.003479,428.493835
773.999634,432.500214,584.498901,35.000015
942.000305,432.499634,937.000305,422.000488
976.001221,432.501587,943.999756,402.000671
963.498230,432.999634,948.996338,414.999695
442.499603,433.504333,453.998993,424.503845
555.500061,433.498169,554.003479,428.493835
124.498650,433.999420,152.000458,413.001312
494.500824,436.002136,601.000854,771.489807
276.499268,436.499237,304.499329,419.999695
493.000885,436.496918,601.000854,771.489807
811.499146,436.499756,322.000031,495.999451
982.499695,436.498413,968.999878,421.999603
969.495728,437.002899,984.996582,445.000549
565.998840,438.501038,378.500153,798.999756
118.998886,438.999420,140.499268,422.998993
448.495575,438.997314,459.495667,431.499969
582.001038,438.999023,583.501526,435.998627
806.498840,439.000793,275.499878,340.499329
962.000610,439.996429,984.500549,453.501373
972.495728,440.501251,948.996338,414.999695
799.500183,440.998993,539.999878,60.999031
720.499084,441.499847,424.998932,457.999634
720.499084,441.499847,520.499268,104.000160
793.499268,441.999512,788.999146,448.997864
954.998291,443.001465,962.498230,443.001678
575.500122,443.500641,579.498962,441.995148
576.498596,444.001282,579.498962,441.995148
287.000183,444.999512,311.501099,433.000214
493.000427,444.992065,489.503113,445.000793
554.996643,445.493774,551.056396,436.437286
968.999878,446.501709,950.997498,424.511932
110.001816,447.002594,152.000458,413.001312
774.501038,447.002106,775.500488,452.503143
958.999695,447.000031,942.499939,426.500153
495.499725,448.489136,493.996094,448.494263
751.499512,448.998749,750.999939,454.498962
769.000427,448.998138,771.499878,454.500885
962.000122,449.000031,969.500366,448.998413
490.000763,449.993347,486.501587,450.505890
607.000061,449.999359,605.498535,447.004150
488.498230,450.503906,486.501587,450.505890
747.499207,450.500214,745.999268,456.498932
106.503380,451.002441,402.501160,517.500305
486.999420,451.009338,486.501587,450.505890
543.999390,450.996521,548.503113,446.500763
974.002930,451.003662,936.002930,412.997284
446.001984,452.003998,455.500580,448.000885
482.505981,452.510529,493.996094,448.494263
482.505981,452.510529,486.501587,450.505890
744.000000,452.499023,323.998596,317.997803
442.501343,453.999298,455.500580,448.000885
476.998566,453.979187,499.499847,446.987427
476.998566,453.979187,499.499847,446.987427
739.500977,454.501404,239.501434,357.000488
540.497864,455.002258,543.996887,451.496857
471.500702,455.995544,493.996094,448.494263
101.000557,456.499756,398.501495,522.002075
483.997284,456.495392,482.000122,456.501556
483.997284,456.495392,470.503174,461.499573
735.500732,457.001434,226.502014,364.001801
435.500031,457.499420,529.499756,110.996986
690.500122,457.498901,728.000183,399.999786
466.498749,458.000580,454.499908,463.497009
478.500549,458.003510,488.497498,454.008392
463.496429,459.484833,454.499908,463.497009
429.000214,460.000946,432.499298,459.500366
535.999023,459.999634,543.996887,451.496857
95.502037,461.999878,402.501160,517.500305
456.002106,462.499207,454.499908,463.497009
456.002106,462.499207,454.499908,463.497009
975.000366,462.499420,902.000244,698.500427
723.999573,463.000031,732.500061,464.002228
422.500946,463.500854,426.500916,462.500122
453.496765,463.497406,454.499908,463.497009
453.496765,463.497406,480.000153,453.004364
612.500732,463.502594,98.999283,796.001465
533.501831,464.498718,543.996887,451.496857
420.501373,465.002625,426.500916,462.500122
459.499481,465.504944,460.001678,465.496948
459.499481,465.504944,452.501007,469.003632
447.503784,466.003571,486.501587,450.505890
447.503784,466.003571,454.499908,463.497009
477.499725,465.996704,490.000153,461.497437
485.499268,465.999939,670.000061,855.500732
556.498779,467.497833,813.999084,925.997803
730.500793,467.499420,739.999451,468.501831
980.998840,467.503021,27.500612,778.499573
452.497528,468.999268,452.501007,469.003632
452.497528,468.999268,470.503174,461.499573
88.500519,469.501465,398.501495,522.002075
440.997040,469.499817,454.499908,463.497009
440.997040,469.499817,454.499908,463.497009
468.499084,469.499512,262.999023,345.997528
411.500671,470.997559,432.499298,459.500366
464.999023,471.498383,711.999084,840.997864
445.496918,471.996979,447.499237,471.501282
444.499756,472.501617,447.499237,471.501282
443.503723,472.999451,441.499725,474.997711
443.503723,472.999451,447.499237,471.501282
473.500427,473.500031,717.999695,844.999939
473.500427,473.500031,533.000732,128.499649
405.998779,474.499268,394.997925,484.997253
431.501343,474.498505,454.499908,463.497009
741.999390,474.500214,763.000488,484.002350
439.997040,474.999664,435.495758,478.498413
461.500366,474.998138,662.000244,858.000549
439.003479,475.502197,441.499725,474.997711
439.003479,475.502197,447.499237,471.501282
550.498352,476.000092,34.499989,759.500488
417.505341,476.500641,425.004272,472.999207
436.999573,476.504852,441.499725,474.997711
436.999573,476.504852,452.501007,469.003632
745.998962,476.499420,745.500000,470.999176
82.497696,476.998627,398.501495,522.002075
282.000427,476.999847,307.500488,464.998871
436.001282,476.998810,441.499725,474.997711
436.001282,476.998810,452.501007,469.003632
645.497437,476.998657,647.501038,475.000824
645.497437,476.998657,647.501038,475.000824
731.495056,477.000641,740.494751,478.500977
778.501526,477.499695,399.502594,154.999725
401.501465,478.000732,502.499268,126.999512
433.501770,478.506378,447.499237,471.501282
448.500366,479.000854,467.498932,470.498230
263.000183,480.500854,830.000793,867.499634
397.000183,481.001312,506.500244,122.999657
444.999084,480.995667,247.001358,353.003174
753.501465,482.001160,763.000488,484.002350
77.501144,482.501709,398.501495,522.002075
427.504181,482.499390,429.498962,482.500824
556.999878,482.499603,719.499573,567.999878
621.500061,484.000031,801.498779,665.498718
391.501923,485.998749,389.500458,489.995911
422.503906,486.003387,429.498962,482.500824
422.503906,486.003387,447.499237,471.501282
760.998596,486.499054,783.001038,499.500214
74.000122,487.000977,402.501160,517.500305
432.999512,488.000092,190.500229,387.001587
721.001831,488.000061,722.500610,484.501404
301.000122,488.499207,323.000031,474.500214
301.000122,488.499207,323.000031,474.500214
417.004333,489.508026,424.001404,486.000000
385.999969,490.499359,389.500458,489.995911
428.498627,491.498077,158.500580,409.002228
728.000366,492.001129,731.000610,489.999054
412.496613,493.496185,429.498962,482.500824
565.499390,493.499420,610.500549,106.999634
625.501526,493.499878,815.496277,632.500732
308.500183,495.500671,328.500275,479.999725
308.500183,495.500671,328.500275,479.999725
380.501465,495.502441,394.997925,484.997253
410.001068,495.501221,413.500488,494.998718
410.001068,495.501221,409.503876,499.000183
539.498779,495.496124,540.996765,491.000153
773.001465,495.500854,624.999207,122.001968
773.001465,495.500854,783.001038,499.500214
422.499725,495.999634,180.499420,394.000183
734.999573,495.999481,743.500244,497.499908
420.500153,497.001160,190.500229,387.001587
750.001709,497.498596,746.495300,490.003571
750.001709,497.498596,750.995667,493.506256
48.005810,498.005463,71.508171,472.006470
570.500488,497.999664,573.000122,495.999298
64.999428,498.499695,88.001648,472.501953
55.499729,498.997589,77.501335,474.002258
55.499729,498.997589,77.501335,474.002258
406.001678,499.005310,413.500488,494.998718
776.499023,499.502045,636.500732,131.998474
776.499023,499.502045,768.501526,487.997101
741.500671,500.500031,748.497925,501.502136
753.995544,500.505829,764.994324,504.506439
753.995544,500.505829,750.995667,493.506256
375.000610,501.000580,983.500427,986.000305
573.500061,501.999084,856.501404,351.500488
413.499908,502.500763,147.998611,416.498383
582.500061,502.499481,386.000244,799.499146
767.995972,503.001434,759.506165,491.496643
44.005657,503.507874,62.502937,481.003967
52.006142,503.506531,73.510056,478.505554
745.499634,503.500793,743.500244,497.499908
283.000854,504.499237,304.499329,419.999695
646.499756,504.500671,646.994812,505.999481
771.493958,505.505371,781.501709,509.998596
280.501312,506.001373,830.000305,886.998840
370.001495,506.002106,370.503021,509.001404
724.991760,505.999268,670.503479,216.499969
759.501953,505.995544,771.001709,509.996338
759.501953,505.995544,756.998108,498.003723
409.999268,506.502289,140.499268,422.998993
600.999634,506.999725,598.500061,763.500061
749.501038,507.000183,764.501160,514.496216
784.498413,507.001251,636.500732,131.998474
784.498413,507.001251,636.500732,131.998474
44.519604,508.514587,65.012260,484.013336
48.996330,508.495361,66.998795,486.997681
531.500732,508.499207,657.999390,260.999390
56.996990,508.998840,77.000153,486.500214
39.991924,509.496033,59.006405,486.503693
608.000183,510.000275,875.500122,649.999817
764.998657,510.001678,774.499268,513.499939
764.998657,510.001678,771.001709,509.996338
776.500732,510.498718,781.501709,509.998596
43.007927,511.011169,65.012260,484.013336
404.996338,511.496826,392.499969,529.499878
725.503113,511.998505,723.999695,375.499542
790.499939,511.999542,799.001343,515.999695
790.499939,511.999542,636.500732,131.998474
767.501282,512.499451,774.499268,513.499939
767.501282,512.499451,781.498047,520.503479
53.999481,513.499023,73.999153,489.998810
364.499146,513.499451,370.503021,509.001404
294.498291,514.498779,859.500366,406.499268
757.500366,514.498352,764.501160,514.496216
36.000820,514.993103,62.502937,481.003967
51.499561,516.000977,71.002373,493.001617
793.998596,517.001770,800.002380,517.497986
793.998596,517.001770,800.002380,517.497986
41.993973,517.994141,63.005779,492.003632
360.499939,518.000610,484.498413,144.998871
399.998199,518.000916,420.501007,500.001526
775.496338,520.003052,774.499268,513.499939
775.496338,520.003052,777.998047,517.001892
780.506409,520.508484,789.494751,524.505310
780.506409,520.508484,782.005798,515.995972
48.501595,521.000610,807.501038,935.000916
357.502380,522.002441,361.001801,521.999817
483.998199,521.997864,486.501343,519.501038
720.503357,522.000244,723.496277,523.997864
728.499939,521.998840,834.499756,737.999695
758.499329,521.997986,771.000366,528.499268
789.001221,522.999268,792.997803,521.498901
393.997711,523.497009,408.498505,510.998138
800.996826,524.000244,805.500000,523.001160
778.499756,524.498657,781.498047,520.503479
785.504456,524.999329,782.005798,515.995972
353.999542,526.498718,477.000061,156.000916
477.500549,526.500305,394.997925,484.997253
35.997341,527.496277,56.000374,500.998444
35.997341,527.496277,56.000374,500.998444
599.499939,527.502625,340.000305,797.499146
30.470955,528.481262,51.480221,499.978485
607.000793,528.500488,11.999808,698.501709
43.501331,528.999451,802.997742,941.999390
34.503807,529.504883,56.000374,500.998444
783.001648,529.503113,786.999878,527.004883
783.001648,529.503113,781.498047,520.503479
388.502228,530.001160,45.999805,527.501099
501.490540,529.998047,506.507751,525.500854
805.000916,529.997681,646.499939,142.500473
805.000916,529.997681,805.500000,523.001160
33.503166,531.003357,56.000374,500.998444
472.499176,531.498047,467.996613,538.499268
32.991985,531.992737,53.005775,504.500488
796.991760,532.503845,815.505371,551.495789
470.998810,532.998962,389.500458,489.995911
482.494446,532.991394,485.999695,530.001709
715.996033,532.999695,718.001038,534.501404
40.000294,534.001892,73.999153,489.998810
793.025085,534.491882,795.005920,530.493530
793.025085,534.491882,795.005920,530.493530
39.499916,534.998657,813.999084,925.997803
386.500580,535.001648,657.999390,260.999390
789.501709,537.497192,794.004028,535.997437
392.999664,537.999939,59.999702,528.000000
392.999664,537.999939,831.499817,744.999878
811.502808,537.998962,811.001221,529.998169
466.000854,538.500732,464.499725,542.998169
711.999268,538.998596,711.998291,542.997925
797.007812,539.990356,795.005920,530.493530
797.007812,539.990356,795.005920,530.493530
372.994843,540.500488,380.496368,533.998840
381.000092,541.500549,32.999035,549.500061
462.999725,541.498352,361.001801,521.999817
504.992615,542.001465,510.498962,540.500732
813.999146,542.000854,823.501099,548.498169
34.000660,544.000061,807.501038,935.000916
706.997681,544.001587,711.998291,542.997925
815.501892,544.498413,823.501099,548.498169
33.500053,544.999207,807.501038,935.000916
344.499268,544.999207,348.001587,546.000732
387.501373,545.000061,49.000397,535.000183
794.507690,544.994568,798.004089,541.999634
800.493225,546.008606,795.005920,530.493530
377.996796,547.002075,388.000641,535.501465
701.001770,549.003479,704.502441,549.499390
30.498964,549.500671,32.999035,549.500061
384.499451,549.499634,834.499756,737.999695
516.500610,549.999756,386.504425,660.499817
516.500610,549.999756,386.504425,660.499817
798.497375,550.000427,808.499878,559.000854
375.998627,551.499451,383.000244,545.999329
375.998627,551.499451,28.997717,559.000305
706.999451,551.496277,711.499146,551.002869
803.996399,551.499756,806.999756,548.001526
286.500916,552.000610,304.000732,541.500122
819.502808,551.998474,826.999451,555.000305
819.502808,551.998474,655.999817,156.999954
28.997717,553.000793,719.997986,530.999512
341.495300,553.000916,344.501038,553.499817
669.499146,553.491943,667.498047,555.491943
691.500854,553.501587,687.499695,557.496826
800.501343,554.002869,808.499878,559.000854
800.998901,554.998352,808.499878,559.000854
685.499207,555.997253,687.499695,557.496826
806.999634,556.502136,798.494385,535.002502
522.000977,557.000610,823.501099,548.498169
802.004517,557.000183,808.499878,559.000854
373.500977,557.501404,30.497952,554.999023
682.000366,557.498962,687.499695,557.496826
822.999573,557.501465,826.999451,555.000305
822.999573,557.501465,826.999451,555.000305
522.001099,559.000305,526.997253,556.502197
522.001099,559.000305,840.501709,855.999451
677.998535,559.497192,673.998474,561.497681
338.001495,560.499390,342.999268,559.000000
809.497070,561.004517,795.005920,530.493530
795.499939,561.501648,802.498169,565.001099
695.498962,561.998474,695.000061,564.998047
371.003418,562.999329,717.999268,389.000458
707.500671,563.503235,711.992188,563.996643
516.006348,564.496582,518.009094,557.497437
526.499390,564.500244,532.500305,562.498962
526.499390,564.500244,532.500305,562.498962
806.001099,564.503479,808.499878,559.000854
459.992523,564.998718,475.002441,182.001511
22.498760,565.499329,776.002991,985.000488
294.002014,565.499390,823.501099,548.498169
537.500793,565.499817,633.500061,118.499977
335.998260,565.998962,337.499176,575.000244
827.002930,565.998474,830.502197,562.000732
827.002930,565.998474,826.999451,555.000305
811.987122,566.504395,803.491760,542.008118
529.500305,567.000854,535.001953,566.000793
529.500305,567.000854,532.500305,562.498962
798.499268,568.000854,802.498169,565.001099
369.499390,568.498657,373.002136,572.001160
369.499390,568.498657,373.002136,572.001160
819.489685,568.502747,822.998901,565.500061
828.996948,569.500793,830.502197,562.000732
828.996948,569.500793,663.499207,173.000534
19.998798,569.999451,30.497952,554.999023
815.507935,570.493530,798.494385,535.002502
296.997467,571.001160,833.003357,839.499146
296.997467,571.001160,811.001221,529.998169
279.498444,571.500732,304.500488,579.000610
533.498962,571.997925,535.001953,566.000793
533.498962,571.997925,539.501770,570.998169
788.999268,571.998535,459.000000,618.496643
342.992981,572.501892,348.506744,567.999451
342.992981,572.501892,346.992493,574.001038
800.997864,572.999268,738.000977,136.000534
691.500366,573.499817,693.499817,574.500671
537.501038,574.998901,544.997253,575.497559
537.501038,574.998901,544.997253,575.497559
299.999023,577.000671,830.502502,833.500305
832.001953,577.000488,834.998779,572.500671
552.499634,577.499573,610.500549,106.999634
367.503693,577.999084,373.002136,572.001160
367.503693,577.999084,371.497528,581.000366
632.498291,579.500488,649.499329,387.500824
802.497559,579.500183,760.499268,204.000534
832.500000,579.500549,836.499146,576.500549
677.499939,579.998291,681.499756,579.499756
719.999084,580.000732,836.499146,576.500549
302.496887,580.500732,830.502502,833.500305
544.000061,580.997925,556.002258,583.495300
671.001587,582.499146,667.501648,584.502441
804.495972,583.500916,745.501648,157.000351
813.502380,584.002441,817.497253,580.500488
663.501099,584.503052,539.999878,60.999031
551.000732,585.000977,556.002258,583.495300
658.500000,586.000000,480.500488,73.000282
722.498962,586.501038,836.499146,576.500549
722.498962,586.501038,663.499207,173.000534
365.506104,587.000610,371.497528,581.000366
365.506104,587.000610,371.004883,582.500000
289.000153,589.000122,824.001343,856.999084
557.996460,588.998657,562.500549,587.497131
576.501099,590.000427,608.000122,597.499817
806.001892,590.499023,753.000732,180.500565
331.499207,590.999878,815.496277,632.500732
330.998810,591.998718,628.498230,482.498871
566.000854,593.001099,576.499817,594.504456
573.999207,596.503235,576.499817,594.504456
578.000305,597.500793,581.499023,596.002686
665.001038,598.502197,669.000732,598.002869
655.500488,602.000610,656.000977,603.500000
651.501282,603.998108,652.499939,604.997314
319.499847,604.500427,975.998962,711.499939
319.499847,604.500427,975.998962,711.499939
365.501923,604.499207,371.496002,608.500366
300.498444,605.000549,892.000000,687.499573
577.001282,605.993225,579.999451,604.003418
819.000854,611.001404,823.000610,606.999878
819.000854,611.001404,823.000610,606.999878
304.000397,611.999817,830.000793,867.499634
309.999542,616.499756,902.000244,698.500427
726.998474,618.499084,397.499847,180.499863
726.998474,618.499084,670.503479,216.499969
726.499756,625.000000,727.998291,627.999146
726.499756,625.000000,727.998291,627.999146
406.999237,626.000244,525.000610,682.500671
420.000031,626.000732,424.500031,615.499695
406.000427,626.500061,525.000610,682.500671
368.998016,629.498535,403.501038,269.000671
725.006470,630.501221,727.998291,627.999146
725.006470,630.501221,667.002319,237.000900
325.002289,633.999207,709.000854,358.499817
723.498901,635.999878,665.499817,241.500687
728.499939,637.499084,732.501404,633.498840
728.499939,637.499084,14.000434,606.000183
862.499390,641.498779,220.000092,767.500061
721.500183,641.999207,535.496338,500.999664
721.500183,641.999207,661.497681,252.999161
870.499390,642.500061,372.501312,795.999084
817.495239,643.500366,821.497803,646.001587
817.495239,643.500366,819.493896,654.498596
730.000244,644.500061,731.499756,651.000244
373.503662,645.497986,518.498535,539.999817
878.999512,645.999817,962.498840,695.500244
717.497314,647.502563,39.500450,539.500305
717.497314,647.502563,531.998657,506.499390
882.499390,649.500366,819.499207,817.499451
882.499390,649.500366,316.500793,470.999146
376.503143,651.999878,518.498535,539.999817
807.502991,652.001709,469.498383,173.999832
815.503357,652.998962,819.493896,654.498596
888.000916,654.999634,49.000847,779.499878
855.500488,656.499512,211.000229,787.500977
378.993774,658.000366,379.000122,644.500244
805.496460,658.498657,341.496613,562.999512
813.509460,659.500854,819.493896,654.498596
813.509460,659.500854,350.501282,561.499512
892.998657,659.500916,49.000847,779.499878
385.001099,659.999268,316.000427,556.000183
797.500000,661.501038,805.501160,653.500061
895.499023,662.500916,53.500652,784.499207
895.499023,662.500916,905.499817,680.999878
804.000244,663.501587,810.498047,657.499878
811.509949,665.999207,815.506165,665.997986
386.496674,668.500488,384.496185,655.000183
801.996643,668.999512,810.498047,657.499878
882.500244,669.499756,892.000000,687.499573
809.998779,669.999695,813.496216,671.497803
884.500732,671.500000,41.499008,792.499207
904.999023,671.501221,313.000916,468.498291
356.499420,672.498047,315.502441,582.497009
388.498383,673.001099,386.504425,660.499817
807.996521,674.496643,808.503113,681.500916
927.499939,677.499817,624.999878,607.000061
805.997742,678.999390,806.000610,686.001587
394.498383,681.502075,532.500305,562.498962
394.498383,681.502075,394.999939,672.998047
962.000122,682.498962,968.499695,700.500061
899.000610,684.498779,41.499008,792.499207
399.000793,685.499756,805.500000,523.001160
399.000793,685.499756,805.500000,523.001160
965.498718,686.000183,49.998833,701.499878
965.498718,686.000183,49.998833,701.499878
819.995667,686.503235,821.494263,691.501709
791.503540,687.502563,795.505310,687.003723
780.498901,688.500916,292.000305,422.500397
329.497803,690.000244,751.496887,172.999481
337.491302,690.498535,346.512604,700.998657
390.500580,690.499084,403.504730,697.995361
968.999756,690.501709,53.500652,784.499207
917.000671,691.502563,162.999771,789.501038
944.499573,691.498962,947.999512,708.999023
403.001801,691.998047,532.500305,562.498962
403.001801,691.998047,800.002380,517.497986
798.501343,692.005310,800.996582,693.499573
936.499695,692.002319,408.499512,822.500793
780.499756,693.000916,353.999756,519.500305
787.498474,693.497681,791.505920,693.002747
974.498413,695.500061,981.500488,714.497925
339.011414,695.999695,342.997253,690.500183
339.011414,695.999695,342.997253,690.500183
331.502960,697.000000,764.497986,216.000198
407.497040,697.501892,408.501434,691.501831
957.999390,699.998352,961.499573,716.000122
835.498535,700.500000,373.002136,572.001160
781.500000,701.500427,775.998169,710.998230
333.000092,702.000122,743.498596,151.000320
333.498993,702.998840,728.998596,113.999557
626.995911,702.999756,540.997192,639.502014
833.500366,704.501099,839.001282,700.999817
415.998871,705.000183,418.001678,701.499146
963.000671,704.998779,403.000183,315.998322
342.999207,705.500122,762.992126,181.501038
342.999207,705.500122,346.512604,700.998657
335.998260,707.999329,749.001221,165.999008
775.499146,707.998291,775.998169,710.998230
422.498566,709.503418,436.002167,715.996704
344.989227,710.002441,757.004883,165.500519
833.002197,711.002014,717.999268,389.000458
771.499817,711.998840,775.998169,710.998230
983.999146,712.003296,921.499390,707.002930
425.497284,712.501770,430.000092,710.998047
333.999939,713.497559,301.499664,582.999451
628.997742,713.501160,540.997192,639.502014
346.987518,715.000549,348.503418,705.499573
802.995972,715.000183,815.999390,740.998901
802.995972,715.000183,801.004822,721.001709
830.997803,716.000977,726.505859,633.000916
766.502502,716.499451,775.998169,710.998230
823.008301,716.999023,828.988892,710.499451
430.498047,717.503540,418.001678,701.499146
339.500549,718.499695,342.997406,713.500366
436.000488,721.504028,425.000580,707.000183
350.001770,722.002258,348.503418,705.499573
350.001770,722.002258,354.003754,718.000183
760.501282,721.999878,768.000183,718.499756
828.997681,722.999146,26.499607,565.501038
36.500835,723.498474,36.500546,691.499146
755.499634,725.500244,415.500641,469.000122
827.499695,725.499023,714.497375,397.999176
442.503571,726.004761,441.000427,719.500061
442.503571,726.004761,441.000427,719.500061
41.499832,726.500793,819.499207,817.499451
751.498108,728.498413,771.502197,715.001953
745.998901,732.999146,749.498352,731.997559
758.996155,733.491272,771.000488,726.496277
24.000053,734.000977,601.499634,526.000305
741.997986,734.998230,727.998413,744.998047
822.001648,737.502441,388.000641,535.501465
349.500244,737.999817,475.499786,255.000366
33.000813,738.499329,882.999207,674.000305
452.500244,742.496338,451.498322,737.005920
471.500488,742.501038,571.501404,593.506836
348.000305,743.500061,305.500885,589.499146
742.004944,744.500732,674.503967,604.001099
819.001343,744.498657,719.997986,530.999512
815.503967,750.000610,41.999374,533.500305
41.000191,751.999573,41.500191,722.500488
709.998291,752.002686,727.998413,744.998047
729.496399,752.000427,737.998474,748.501221
57.003876,753.000427,59.000317,721.499756
57.003876,753.000427,59.000317,721.499756
724.500671,754.007507,737.998474,748.501221
501.000092,755.491577,521.998901,759.008240
702.000122,755.499878,727.998413,744.998047
506.502777,756.999756,521.998901,759.008240
55.498741,757.999756,834.497925,718.000305
37.501411,759.001221,37.998611,728.499451
488.002625,759.489441,475.002319,749.502502
810.502014,759.499634,811.502014,762.000671
517.498840,759.997559,536.999023,762.504517
708.495789,761.492798,693.001404,767.001221
558.499573,762.499939,573.500305,761.000732
575.501465,762.499939,310.999786,771.999817
673.502014,764.494324,601.000854,771.489807
805.495544,764.502136,806.497498,767.999268
502.998932,765.005310,487.998657,755.999512
33.499046,765.499268,790.499390,933.999573
540.002258,766.492371,550.499084,766.002808
508.997559,766.995544,511.500519,764.503418
687.998962,768.505981,709.000671,761.505615
648.499390,769.008484,601.000854,771.489807
802.002197,769.502136,811.502014,762.000671
47.999088,771.000610,813.999084,925.997803
636.500549,771.001343,601.000854,771.489807
692.000122,772.001770,696.000549,770.488342
582.499146,772.500977,579.499939,770.001282
674.500061,772.502991,693.001404,767.001221
516.001343,772.990112,515.998047,771.002075
620.502014,772.999817,579.499939,770.001282
44.501122,776.000854,40.998787,749.999023
521.999695,775.991272,520.998535,772.499634
521.999695,775.991272,520.998535,772.499634
558.001221,778.012024,542.998474,772.510498
795.497253,777.998413,806.497498,767.999268
532.998230,778.514465,535.500183,775.994568
644.500916,778.490784,605.499451,779.508118
42.501133,779.501343,782.501465,974.501282
542.999817,780.505005,535.500183,775.994568
542.999817,780.505005,527.999878,774.496887
544.999817,781.005920,535.500183,775.994568
544.999817,781.005920,527.999878,774.496887
792.501587,781.001465,433.002258,489.501617
547.500427,781.502441,535.500183,775.994568
547.500427,781.502441,527.999878,774.496887
22.502432,782.499939,459.500183,552.499329
643.999146,782.990601,624.497375,783.991150
636.996277,784.990662,624.497375,783.991150
38.500473,785.500488,535.496338,500.999664
622.499146,786.003967,624.497375,783.991150
622.499146,786.003967,564.002258,781.508606
788.998291,786.000671,785.498901,793.498840
531.000549,789.004822,567.499573,792.494995
222.499985,790.999878,299.499939,777.498657
402.997009,791.499451,410.504822,791.494995
544.998657,791.503479,567.499573,792.494995
395.000824,795.999512,499.999268,286.000458
801.999207,796.500488,914.999695,687.499451
353.500000,799.500183,694.499939,42.501457
124.000229,799.999023,120.499336,773.000305
773.500610,801.002380,767.999329,808.998779
822.000244,804.000000,962.498840,695.500244
822.000244,804.000000,962.498840,695.500244
48.000015,804.500610,49.000847,779.499878
48.000015,804.500610,49.000847,779.499878
227.500015,804.501953,138.500137,784.501038
405.000732,804.500732,506.501556,290.998901
755.998840,806.500427,723.001526,827.496094
786.499634,807.000732,930.499756,420.499756
767.001526,807.501404,626.001160,293.502808
410.499786,808.002625,851.499268,366.499298
792.500427,808.500916,522.000427,300.498718
314.500488,808.999390,947.999512,708.999023
752.498657,809.000427,723.001526,827.496094
828.499084,809.000977,640.502197,135.998032
140.999863,810.002625,788.999146,448.997864
303.500183,809.998474,87.499718,799.998596
796.000244,809.999878,475.998962,839.499756
149.000473,810.499512,603.999634,863.000488
328.000031,810.501953,83.999481,802.000854
91.000450,811.998962,120.499336,773.000305
297.000427,811.999146,615.999084,352.498566
760.998291,812.500305,626.001160,293.502808
345.500275,812.999512,340.000305,797.499146
417.000244,813.000183,413.000580,803.496948
56.999722,813.498779,973.499268,428.499664
131.999863,813.500732,711.999084,840.997864
171.999664,813.499023,344.999390,799.501404
258.001038,813.500610,973.500244,727.000122
290.500061,813.499695,204.499878,788.500854
351.500061,813.500854,344.999390,799.501404
279.000610,814.501160,615.999084,352.498566
262.500122,815.000061,168.000656,792.000671
390.999146,814.999390,382.000488,801.499756
806.500427,815.000732,913.500244,704.001648
833.496399,815.001221,322.500549,579.500061
190.500015,815.501160,414.999664,820.502380
755.001099,816.000427,179.499878,394.499359
356.500061,816.499573,344.999390,799.501404
398.000122,818.001404,266.500488,782.998596
737.002258,819.503174,734.000000,821.498047
737.002258,819.503174,719.001587,829.003662
42.000664,819.999207,27.500612,778.499573
403.999939,819.997559,266.500488,782.998596
749.999756,819.999329,158.500580,409.002228
115.499901,820.499634,711.999084,840.997864
44.000210,821.500183,296.999481,474.999939
107.500885,823.001038,522.500183,64.500832
729.499268,823.502258,723.001526,827.496094
839.002197,823.498230,655.999817,156.999954
102.000504,824.499695,782.000549,451.001312
726.497314,824.996887,723.001526,827.496094
742.500488,824.999695,739.502136,827.503418
94.999649,827.000671,490.000153,461.497437
721.502319,827.499939,728.497009,824.994446
721.502319,827.499939,734.000000,821.498047
738.999329,827.500488,723.999634,835.999634
736.499939,828.500305,296.000549,330.503235
718.001770,829.003296,207.997650,366.496490
842.999512,829.501282,655.999817,156.999954
88.499939,830.501770,98.999283,796.001465
445.999664,830.501038,439.999481,821.999146
733.500122,830.500366,275.499878,340.499329
428.500000,830.998840,98.999283,796.001465
714.498352,830.996277,723.001526,827.496094
826.499695,832.000000,822.500366,851.999146
76.999733,832.500427,204.499878,788.500854
394.500366,832.498657,607.000854,528.000122
729.000305,832.503723,221.000717,368.003448
827.499146,834.000122,822.500366,851.999146
410.999939,834.499817,783.498840,335.000336
457.000153,835.501038,445.999481,825.501709
827.999512,835.499878,723.003174,101.500023
845.499695,835.999023,838.499451,850.999512
845.499695,835.999023,838.499451,850.999512
721.502014,837.500000,275.499878,340.499329
715.500000,838.500061,711.999084,840.997864
847.499756,839.500183,838.499451,850.999512
687.503052,842.008728,697.998596,838.007263
709.498535,841.998962,717.999329,838.499634
832.002014,841.998596,822.500366,851.999146
850.999207,845.001282,840.501709,855.999451
700.999023,845.500854,239.501434,357.000488
490.499695,847.997803,498.500153,846.998230
694.498718,848.499512,589.999878,49.501614
853.500549,848.502136,844.000671,861.000061
501.500397,852.001465,466.999847,835.999939
505.000427,853.000061,529.500366,855.498962
678.000061,852.999695,678.499817,853.002747
857.500671,852.998901,307.500488,464.998871
858.500061,853.500183,307.500488,464.998871
859.999695,854.000977,307.500488,464.998871
517.000183,855.501953,529.500366,855.498962
517.999634,855.997925,529.500366,855.498962
672.999817,856.500854,333.999359,314.999420
662.500122,857.003723,527.999634,63.001835
523.500732,857.499390,502.000458,848.499451
644.002991,858.998962,632.000244,859.500183
652.498596,860.502502,642.499451,860.998657
545.998840,860.998718,524.499756,854.999084
553.999268,862.997620,567.000000,311.502502
570.500732,864.497925,575.000000,862.498413
583.001099,864.496033,559.499878,311.001831
594.499817,864.502686,597.000305,862.998596
622.000854,864.501160,610.000000,864.001831
865.497253,864.507812,854.001648,877.497131
865.497253,864.507812,854.001648,877.497131
600.998901,865.000549,567.000000,311.502502
857.999146,868.495911,845.000916,880.501953
581.001038,871.000000,577.500244,869.999817
852.499390,870.998047,455.500580,448.000885
846.499817,874.000000,824.999512,892.000122
840.500793,879.000977,811.500000,903.999146
865.000183,881.000732,711.999084,840.997864
836.000977,883.000916,824.999512,892.000122
856.501099,885.002869,841.999939,897.002258
832.498840,886.497925,27.502909,742.001709
852.002502,888.001221,854.499573,409.999695
829.000610,890.002563,803.001648,914.500916
848.501160,891.502136,825.501709,911.002075
825.000244,894.999939,803.001648,914.500916
842.502075,896.996765,828.500061,908.000610
821.998047,898.998840,27.502909,742.001709
839.501099,901.000427,810.499390,929.999451
818.500732,904.000977,798.000244,922.501587
835.499146,906.499390,813.999084,925.997803
816.999756,906.999939,798.000244,922.501587
814.998779,910.500366,790.499390,933.999573
831.001404,911.999573,810.499390,929.999451
829.500366,915.498474,802.997742,941.999390
810.002075,918.501770,759.498474,982.998840
825.999756,921.000671,785.000305,970.501038
807.497009,923.998718,778.496765,952.999329
823.001038,926.000183,16.500248,584.999512
821.500366,929.000061,16.500248,584.999512
804.000854,929.500610,759.999084,982.000122
819.998169,932.000793,794.499756,955.499573
816.500610,939.000610,797.498047,949.500122
798.003174,941.500610,781.500122,946.500549
796.498657,945.000305,778.496765,952.999329
813.498291,944.999451,16.500248,584.999512
795.000488,948.000122,759.498474,982.998840
17.499121,950.000427,723.003906,585.502747
810.500549,949.999512,834.497925,718.000305
19.001558,953.499695,389.501190,665.498657
19.001558,953.499695,386.504425,660.499817
21.501453,958.000916,830.502197,562.000732
806.999451,957.999329,12.499756,594.500793
789.001038,959.499573,759.999084,982.000122
805.000244,961.999146,784.500244,971.499817
25.002487,964.500000,718.998413,575.503357
785.499329,965.499817,759.498474,982.998840
803.500916,966.000854,776.002991,985.000488
802.000061,968.500122,791.499634,960.000305
801.499756,969.499268,791.499634,960.000305
781.501709,974.000122,459.500183,552.499329
795.500671,979.001099,16.500248,584.999512
793.501099,984.500793,12.499756,594.500793
777.000854,984.999939,469.000488,174.999069
447.014923,67.003433,469.007172,55.001411
710.998901,79.006714,723.012573,78.994072
470.028168,223.998627,474.021790,222.999542
472.997559,235.002060,474.021790,222.999542
655.986572,236.001602,656.005737,238.004990
474.011047,238.997894,761.005127,173.999039
474.992157,240.999893,761.005127,173.999039
475.991364,243.999512,761.005127,173.999039
649.996094,252.994843,648.988770,254.995956
649.000732,254.995972,648.988770,254.995956
481.994904,257.000244,365.006805,735.999939
647.994568,256.996948,648.988770,254.995956
646.004456,260.000641,804.991089,754.993286
383.992004,261.997528,834.988403,609.996704
637.994507,270.995514,637.992432,269.997040
628.004578,281.010712,627.006165,279.998260
606.996887,296.002533,277.002380,326.005859
605.002747,296.997650,277.002380,326.005859
603.001160,297.993988,277.002380,326.005859
596.996460,300.003754,597.001465,297.002258
594.999817,300.987762,597.001465,297.002258
395.009583,309.997314,402.996979,301.002228
396.001801,311.996094,402.996979,301.002228
649.991089,366.016754,651.003418,366.990784
565.010620,388.000946,566.005310,384.998840
665.994812,414.996918,666.999268,415.003601
665.994812,414.996918,666.999268,415.003601
128.995514,418.003815,158.994247,396.988464
593.998352,435.016602,595.994141,433.018372
593.998352,435.016602,595.994141,433.018372
596.001404,435.992828,595.994141,433.018372
560.995117,447.005859,565.995483,444.987427
642.003784,452.010681,644.007324,451.994781
713.999634,471.003815,721.001160,471.001434
713.999634,471.003815,731.004150,476.997192
719.999878,474.003967,727.994751,474.006256
719.999878,474.003967,736.003906,479.997192
721.994324,475.006836,742.994324,483.006195
721.994324,475.006836,736.003906,479.997192
538.986023,482.003876,541.999634,477.004150
508.011810,483.001465,513.007751,476.003998
508.011810,483.001465,513.007751,476.003998
497.985779,523.998352,500.997192,524.995300
518.993469,570.006104,491.992676,274.012604
704.992310,573.004028,707.981934,574.989380
704.992310,573.004028,707.981934,574.989380
524.008911,575.991272,527.988586,572.006775
565.997375,603.013062,466.000031,747.002686
829.003113,604.998535,834.988403,609.996704
572.998596,606.003601,575.002258,604.003235
597.998413,613.017395,554.000427,778.995361
634.000854,616.030090,633.000427,782.008789
830.995789,617.999939,834.988403,609.996704
770.992004,725.990173,761.001648,736.003296
744.004395,744.997742,751.991760,741.994141
365.991791,746.995422,365.006805,735.999939
734.007935,751.007568,750.004150,742.999573
471.004822,753.990967,466.000031,747.002686
726.999878,755.005554,740.003357,749.010254
725.003357,756.009155,734.998291,751.999390
483.000885,758.999512,466.000031,747.002686
703.996948,765.003967,710.001343,762.997314
507.001129,768.001160,514.000916,767.007812
695.999756,767.997375,679.998962,772.988220
683.001892,772.003235,681.996399,772.002686
663.002930,777.000305,681.996399,772.002686
552.000977,779.009277,554.000061,777.002930
555.999146,779.998840,554.000061,777.002930
566.998901,781.021667,554.000061,777.002930
568.999756,781.993835,554.000061,777.002930
581.000000,782.996033,554.000061,777.002930
765.004761,795.002319,760.001831,800.998291
661.040405,433.024567,662.056641,433.054718
661.040405,433.024567,662.056641,433.054718
565.000183,35.000141,583.000061,30.996983
673.000488,34.998402,904.002197,371.000946
515.999023,47.998615,557.999451,37.001526
580.002869,48.004879,595.001282,45.003780
507.000275,50.998508,549.000061,38.999397
567.002563,52.004295,658.999939,854.015381
562.001221,52.991112,579.003906,48.998722
556.000061,55.009480,552.999634,55.000397
489.000397,55.998684,532.999878,43.002029
553.002014,56.009937,552.999634,55.000397
673.999939,56.004990,835.994263,355.005951
534.001953,60.994495,552.999634,55.000397
527.004211,62.999958,552.999634,55.000397
524.001831,64.010582,579.003906,48.998722
520.001160,65.006088,579.003906,48.998722
515.002014,65.993454,552.999634,55.000397
510.999969,66.996147,552.999634,55.000397
504.001617,68.997597,579.003906,48.998722
496.999786,71.006836,509.000885,65.002159
463.004120,78.009651,481.000671,69.996231
700.993958,78.003601,716.005554,80.997696
700.993958,78.003601,716.005554,80.997696
702.988403,81.010399,716.005554,80.997696
702.988403,81.010399,716.005554,80.997696
707.986572,90.008057,365.984009,751.008728
902.005005,90.996834,960.003784,106.991913
710.994141,95.004898,365.984009,751.008728
716.986084,106.009575,731.991089,120.003403
718.997253,109.000237,725.987061,103.002602
551.997498,109.988327,553.999817,105.979454
575.001892,109.972404,582.000977,106.999283
738.001770,109.999107,746.002502,107.998131
577.000244,111.017159,582.000977,106.999283
719.995789,111.001137,726.992126,105.007103
583.000488,112.013237,582.000977,106.999283
588.002197,113.007263,593.003357,108.984344
532.998718,113.998390,536.998962,110.001099
592.000671,114.003090,595.001038,110.006798
529.996277,115.003891,533.998901,111.002769
595.003540,115.001350,598.003113,108.998421
598.003174,115.989494,601.005249,109.992401
722.994507,116.998268,735.984497,130.004654
521.996704,117.990997,525.994690,113.993469
603.006104,117.983665,608.007080,112.985909
519.995361,118.996330,523.994141,114.998283
605.006287,118.990837,610.007019,113.986763
723.995728,118.998108,735.984497,130.004654
517.995361,119.998726,523.994141,114.998283
607.006104,119.995667,610.007019,113.986763
515.997925,120.998299,521.998291,115.998436
609.005188,120.995918,610.007019,113.986763
514.000610,121.995163,523.994141,114.998283
509.987061,123.983139,510.992188,121.991310
613.996216,124.003212,610.007019,113.986763
616.004578,124.999039,614.009949,115.986969
565.000977,127.001930,559.000122,123.001167
573.999268,126.996063,573.001282,121.998627
728.002502,126.997559,732.990051,118.002960
621.009521,127.989479,759.009705,483.982056
502.997192,128.996201,510.992188,121.991310
747.999512,133.000885,746.002502,107.998131
730.997070,134.005341,737.988342,130.001892
490.989044,139.989517,495.009094,136.010941
636.012817,140.987076,635.015259,130.984451
735.989258,146.003754,742.995605,142.004578
737.006958,147.999588,742.995605,142.004578
620.000183,148.997772,614.000427,137.999023
738.000427,151.005341,737.988342,130.001892
738.991699,154.003357,737.988342,130.001892
756.999878,156.999374,746.002502,107.998131
475.996796,159.995331,478.990570,156.991348
625.999084,160.000137,627.998596,153.000671
741.971436,162.009644,756.985413,183.008743
494.001923,163.001907,491.000671,172.002060
651.995728,164.001602,655.000366,160.996552
655.005737,168.994034,656.001770,162.997940
744.997131,169.005508,758.995911,188.001251
367.987488,171.000031,377.991638,171.995361
489.002594,173.998947,491.000671,172.002060
658.007751,175.996506,662.008484,171.990906
638.998291,177.001221,635.999573,163.000305
467.993103,177.995178,472.002747,172.993958
467.993103,177.995178,469.980621,177.994522
659.003113,178.999573,663.001892,174.997299
748.988159,180.000854,748.978333,166.004898
749.981018,183.002411,748.978333,166.004898
751.995239,187.997635,748.978333,166.004898
632.000427,188.999329,629.999023,173.999924
483.999329,190.000336,491.000671,172.002060
463.970642,193.000305,468.001434,186.999130
463.970642,193.000305,468.001434,186.999130
663.000427,192.996521,663.003723,180.000122
385.999420,230.999405,396.031281,239.000015
464.976929,233.006683,468.988068,231.004990
468.982880,246.000076,471.995178,241.009079
470.012756,247.997253,471.995178,241.009079
759.001648,247.999313,767.995178,253.000412
659.021179,250.006241,661.026001,246.008606
470.984955,251.011444,477.002777,252.002960
471.999634,253.003876,477.002777,252.002960
494.000793,252.997360,498.002625,248.998917
658.038208,253.015411,660.013000,248.005417
657.020508,255.009003,659.001526,249.999878
633.996582,255.997803,632.997620,253.998764
656.010559,257.007599,659.001526,249.999878
655.012451,259.010101,659.001526,249.999878
391.021637,259.998749,398.034882,250.996811
475.981720,261.011139,479.979980,258.014160
508.000763,262.000031,433.000183,783.999329
477.999420,263.999054,479.979980,258.014160
478.977753,266.018036,479.979980,258.014160
650.007629,267.005646,651.021912,265.025696
182.000229,270.000793,224.999802,251.999268
749.995605,269.997437,786.570129,947.488525
483.974701,273.022583,483.992035,264.007599
483.974701,273.022583,491.992676,274.012604
609.996155,275.994385,609.000977,274.001831
644.021790,276.027466,642.996704,274.997772
517.000305,277.998047,528.000854,278.995697
530.000854,277.999390,540.999573,277.999390
414.999878,285.000122,493.999451,220.999329
494.967957,285.031342,501.980286,284.015747
631.019104,289.018799,628.990295,288.013092
571.999878,292.998108,566.999695,288.997894
509.974670,297.038055,513.981079,293.017944
509.974670,297.038055,513.981079,293.017944
511.987122,298.029236,513.981079,293.017944
513.991882,299.015686,515.996826,294.004333
363.999115,300.004761,376.003143,298.001984
615.012451,300.022369,613.009399,298.009857
516.974243,301.038544,522.988708,298.021393
613.003723,301.014374,613.009399,298.009857
518.986389,302.029480,522.988708,298.021393
611.000854,302.005554,613.009399,298.009857
609.001587,303.001343,613.009399,298.009857
607.005798,304.006317,611.000977,299.019592
295.001923,304.999451,238.998856,334.994965
527.996643,306.012421,529.998962,301.011749
529.988037,307.033508,534.998474,303.009247
533.996765,308.002533,537.994202,304.002380
280.998688,308.997589,264.999512,320.996063
536.993652,309.017731,537.994202,304.002380
540.996643,310.016693,545.992554,306.002075
543.994629,311.043304,545.992554,306.002075
326.003662,312.005890,658.999939,854.015381
552.999451,311.993256,558.999634,308.009430
694.997192,311.998688,704.000977,311.996490
313.006958,315.014771,349.997009,302.993652
781.001160,316.998840,487.000946,821.999573
803.002502,318.997894,839.001099,328.999939
299.999908,322.002258,728.998169,829.997742
253.999619,322.999939,204.000015,352.998627
761.000183,325.001434,796.990356,334.010742
292.006042,326.006226,240.004471,354.000488
817.001343,327.999664,891.998169,362.000427
210.999298,328.999695,247.999496,311.999298
404.995972,330.014282,410.997528,317.995148
404.995972,330.014282,410.997528,317.995148
244.998566,330.999359,280.000336,317.003082
241.998795,331.999664,238.998856,334.994965
277.995941,331.991486,313.998199,319.009644
778.998474,334.997925,815.000549,344.999054
233.000214,337.000244,280.000336,317.003082
676.000977,337.000671,679.000000,336.999329
266.995850,337.999634,192.009598,383.009918
414.998169,338.002289,418.998077,323.997864
785.993652,338.004181,463.001984,831.010437
446.000122,338.999969,453.000458,330.999237
658.000854,343.005280,571.998718,362.988190
839.000488,342.998840,487.000946,821.999573
252.998581,345.995453,238.001495,355.001160
845.000366,345.997833,878.000854,357.999603
806.994812,347.001526,835.994263,355.005951
426.001862,348.002686,431.000275,337.005890
809.002075,348.006500,835.994263,355.005951
815.000183,351.000397,835.994263,355.005951
205.002747,352.000946,238.998856,334.994965
629.000671,352.002289,629.999817,350.003448
819.989990,354.017181,835.994263,355.005951
819.989990,354.017181,441.996735,820.009949
236.001251,354.998596,270.007172,340.016479
189.997223,355.998779,226.001144,338.999847
828.994568,359.003998,826.997986,351.008667
835.991577,362.015808,868.993103,374.010406
221.006393,363.001556,254.003601,347.009827
219.002121,364.001404,254.003601,347.009827
216.996048,364.999023,192.009598,383.009918
671.007507,364.988953,588.009705,385.997406
572.004150,366.997589,571.998718,362.988190
212.001266,368.000397,212.000366,369.999298
895.002380,367.998169,927.998840,383.999481
209.007767,370.010986,221.010132,365.010773
697.999695,369.999084,702.997986,370.999573
207.000763,371.002777,219.001114,366.005402
171.000931,371.999451,204.000015,352.998627
643.979248,374.005676,646.001099,377.002319
905.999878,375.999329,939.001831,391.998596
523.001526,376.999268,529.002258,369.999969
644.972717,377.009033,646.001099,377.002319
161.998169,378.997772,127.000305,407.000488
645.999268,378.999817,561.971924,396.019745
453.995148,382.983368,467.994629,375.990967
603.000000,383.999664,603.000366,378.000275
147.999969,385.000610,77.999290,446.999451
186.005249,385.009369,180.007217,391.005249
766.999878,385.004303,768.994507,389.986816
797.997314,384.997040,797.997803,392.998352
588.005737,389.994385,588.009705,385.997406
142.999725,390.999603,175.001663,369.996826
940.999451,390.998779,971.999939,407.000549
929.000549,394.002228,948.001770,399.997833
172.010223,395.012024,192.009598,383.009918
588.989929,394.998138,589.014526,389.997101
590.049744,398.000244,590.054138,394.996094
560.979309,399.015991,561.971924,396.019745
446.999817,401.000458,461.002228,394.002167
561.989441,401.012939,561.971924,396.019745
158.000366,405.000702,192.009598,383.009918
621.000305,406.000000,614.500610,333.999268
946.000793,405.998810,977.000732,424.000305
121.999718,409.999420,149.998154,389.994659
701.981934,410.009521,705.023376,413.025787
701.981934,410.009521,705.023376,413.025787
368.999573,414.001404,396.000427,399.998413
143.007996,417.008545,122.001991,434.005035
646.981140,417.966125,649.994629,417.003601
964.001221,419.999084,878.000854,357.999603
637.997314,421.979279,641.996582,419.985138
101.999878,422.999908,77.999290,446.999451
634.996582,422.970764,638.994202,420.983521
130.016815,427.020447,158.010162,406.009674
544.012207,426.975983,548.006104,423.995453
980.000183,430.999390,788.001343,497.998840
98.000671,432.000671,127.000305,407.000488
732.002502,435.998444,733.000122,441.000854
114.988617,438.988892,110.003708,445.003510
88.001511,440.998749,149.998154,389.994659
749.997498,446.996979,752.002319,452.025879
77.999863,448.999420,106.999855,422.999939
104.000404,449.998840,110.003708,445.003510
541.007690,452.005981,545.999695,447.013428
95.993652,456.993103,122.001991,434.005035
60.000496,458.999146,122.999687,399.000519
67.999298,460.000244,94.999031,433.999207
631.985474,462.004517,628.980164,466.999329
426.979462,463.982819,437.993530,458.992859
424.974640,464.975159,424.979614,465.976288
682.012390,464.974823,682.013977,465.983521
274.009216,467.998047,297.004547,452.998688
58.000217,471.000000,770.995911,775.996277
629.973328,471.997986,630.986267,471.997070
650.988220,471.992035,650.976379,478.994293
81.002029,473.999298,805.014404,766.014771
408.001190,475.997864,426.992432,464.986115
740.005310,475.999084,747.002869,475.986816
405.967224,476.972015,424.979614,465.976288
531.995850,477.997253,535.993469,472.000916
519.010620,479.003082,522.997925,472.998199
548.009766,478.999725,552.013184,475.000336
667.997009,479.001465,669.000183,478.999908
518.018494,481.011658,522.997925,472.998199
748.020020,480.980316,749.030396,476.957153
435.004150,484.008484,447.996552,477.002106
738.003113,484.996094,749.999756,488.998810
70.997185,485.999329,95.994720,458.992859
627.996643,486.001099,627.978027,488.000763
627.996643,486.001099,627.978027,488.000763
739.995300,486.005432,749.999756,488.998810
742.994080,488.005707,749.999756,488.998810
757.989563,488.000305,759.009705,483.982056
390.990845,488.991058,384.997772,496.993988
760.049866,488.948944,759.009705,483.982056
65.997574,491.996185,91.017670,468.015564
750.001099,492.998657,762.003723,497.996124
419.998779,493.998047,432.009369,487.009521
538.007446,494.033325,541.004639,489.009064
739.994568,497.002411,738.994507,492.005035
739.994568,497.002411,738.994507,492.005035
771.027710,497.977753,759.009705,483.982056
289.994019,498.995605,312.002014,485.007721
377.989929,500.992157,384.997772,496.993988
548.995789,502.005981,550.995605,497.002502
548.995789,502.005981,550.995605,497.002502
649.009583,503.001282,650.968445,529.008362
749.982605,505.019653,757.995117,506.005035
749.982605,505.019653,757.995117,506.005035
370.007904,510.010498,375.963654,505.969177
787.018066,512.982727,792.026367,511.976562
692.000244,514.000549,27.000343,733.000427
396.030701,518.036133,406.996796,508.002045
765.963501,520.048462,778.971008,527.025330
765.963501,520.048462,778.971008,527.025330
357.965851,524.967163,362.973022,522.975098
650.980408,525.004822,650.968445,529.008362
799.041992,525.965332,805.020630,526.986206
356.994598,527.001892,361.995789,524.994812
505.955231,527.009216,512.030884,523.005066
606.998352,527.001221,606.995728,526.005066
799.995544,528.007263,805.020630,526.986206
624.997192,532.008484,623.994629,530.000244
352.982452,532.986145,357.976288,530.985168
351.995117,534.990845,356.989258,532.989929
653.023682,535.000061,650.968445,529.008362
653.023682,535.000061,650.968445,529.008362
710.000122,536.000793,711.998596,538.001831
351.002960,537.002258,355.998230,534.997620
407.000031,538.000183,143.499908,432.500153
808.018372,537.988770,812.029785,535.975037
671.002502,540.001343,670.006165,542.000183
671.002502,540.001343,670.006165,542.000183
783.975403,540.018127,796.981323,550.015503
783.975403,540.018127,796.981323,550.015503
810.012634,540.996094,814.024475,538.976990
812.015808,543.991699,816.025085,541.982300
512.023254,544.991882,517.003967,542.998352
814.027344,546.982239,816.025085,541.982300
514.021973,548.987305,522.024536,551.983154
815.005798,548.996460,822.013062,551.997986
343.977173,550.985046,346.984222,554.001038
687.995300,552.002991,688.004578,554.000183
687.995300,552.002991,688.004578,554.000183
817.037720,551.978760,825.031189,556.980408
494.995148,554.002197,499.997253,548.000793
494.995148,554.002197,499.997253,548.000793
818.027161,553.985107,826.027893,558.984131
516.998230,554.997864,522.024536,551.983154
370.995636,556.004211,380.013519,546.005188
794.986572,556.009216,799.998657,554.997192
794.986572,556.009216,799.998657,554.997192
819.016174,555.989441,826.027893,558.984131
674.013733,558.034119,672.999390,559.005371
795.985046,558.006287,800.997131,557.005005
795.985046,558.006287,800.997131,557.005005
23.010817,559.001160,44.006695,525.001526
22.010963,561.010498,32.009754,545.011719
340.003479,561.993103,345.000671,559.994690
340.003479,561.993103,345.000671,559.994690
522.024597,561.977905,528.993958,563.005798
645.000610,561.999023,642.998230,563.999817
797.976929,562.011597,800.997131,557.005005
822.002808,561.998901,827.028381,560.983582
338.997803,564.988831,343.994568,562.993225
338.997803,564.988831,342.982758,565.997070
337.985809,567.994629,342.982758,565.997070
337.985809,567.994629,342.982758,565.997070
527.017151,567.981079,528.993958,563.005798
825.006287,567.999512,830.019470,567.993103
336.969269,570.999451,341.968140,568.996765
336.969269,570.999451,341.968140,568.996765
470.998444,571.001282,491.000671,172.002060
715.013062,574.994934,718.024048,575.999695
828.004150,574.999084,833.024414,574.990540
829.042236,576.991028,833.024414,574.990540
538.030884,577.967529,545.997742,579.000000
830.038025,579.988892,834.007996,577.999146
335.009644,580.993591,341.968140,568.996765
513.989990,581.005005,516.997925,575.002991
513.989990,581.005005,516.997925,575.002991
546.007202,583.983032,552.998718,583.995789
548.020813,584.971069,558.018188,586.984009
647.002136,585.005737,644.998291,584.995972
832.025940,585.985535,836.004639,583.996704
833.041199,588.990051,838.040283,589.993896
721.014465,589.998291,664.014343,176.994843
560.021729,591.961548,563.004700,589.984741
672.985474,594.970215,676.986328,594.977722
833.979675,594.994751,839.031494,593.997864
568.014038,595.963379,573.019348,594.967651
570.004822,596.976013,573.019348,594.967651
571.999756,597.995972,575.019104,595.971985
835.030945,597.998596,839.031494,593.997864
575.015930,598.984192,577.016724,596.985046
695.999817,601.000916,698.003479,603.002563
587.004883,602.998718,594.005188,602.994019
657.988708,602.964905,664.998474,602.006897
591.002258,603.994507,594.005188,602.994019
655.988403,603.984009,656.993713,604.986572
331.984192,604.992065,338.003906,591.989441
331.984192,604.992065,338.003906,591.989441
480.001862,607.997620,961.000244,411.999603
615.003357,608.976196,620.007446,608.986694
637.994934,608.985962,639.996887,608.974060
348.998962,622.999939,354.990387,627.000671
535.003601,624.976929,538.008057,619.972473
626.000488,628.007324,627.001709,626.996094
546.998596,632.988220,463.998199,684.999023
608.999817,634.019043,611.989563,634.016174
353.007904,637.997986,358.993378,640.999207
355.003204,644.000854,361.002747,646.999939
371.003418,644.998596,371.981476,632.003662
620.002014,647.006348,619.979370,647.004333
592.999878,649.000244,671.000061,714.000183
711.015503,655.004700,709.997437,659.003052
358.994751,656.001343,361.002747,646.999939
806.982727,660.999023,812.982666,655.998657
344.002808,662.001892,349.001587,659.005432
381.992828,667.997620,382.011322,656.990662
660.997131,670.002563,663.993896,671.002197
801.983459,672.984558,807.011414,672.003845
349.999146,675.002502,357.993439,680.000549
386.005737,674.998962,523.020996,553.990784
800.968689,674.987305,807.011414,672.003845
327.974182,676.001709,331.983704,670.000610
797.981506,680.985962,800.992920,682.985107
393.036530,683.961609,392.031219,673.981262
371.994965,686.005127,374.005066,677.994263
371.994965,686.005127,374.005066,677.994263
792.970276,688.980835,790.017944,699.008789
330.985016,690.004395,470.012970,234.002365
952.000793,693.001282,954.000183,709.004944
378.001190,695.001526,383.997040,694.000732
378.001190,695.001526,383.997040,694.000732
703.001099,694.999023,700.998901,699.000732
360.998230,695.998962,370.995697,699.005127
538.999695,696.002014,464.000305,511.000488
786.008240,700.010925,799.998962,685.006958
386.992554,705.006042,390.989807,702.010254
386.992554,705.006042,383.997040,694.000732
336.998718,705.999817,756.985413,183.008743
814.012451,708.008179,819.992859,702.997498
337.992004,709.002319,738.996277,131.999527
831.011658,709.000977,832.999878,714.000916
416.986298,710.020935,435.033661,718.965759
339.002533,710.998169,738.996277,131.999527
339.989563,714.006348,347.004364,716.000549
771.998047,714.999146,770.002869,720.001221
340.996429,716.001038,347.004364,716.000549
341.983704,719.007263,350.989502,725.005920
402.005249,718.990845,415.998077,725.999573
402.005249,718.990845,415.998077,725.999573
428.003052,718.996216,435.033661,718.965759
451.997559,720.000854,446.000519,710.001038
804.007874,722.008972,806.006592,723.006287
804.007874,722.008972,806.006592,723.006287
469.003448,723.999512,462.000916,718.000183
761.999390,723.996826,756.979187,729.977844
437.989838,727.009216,552.998718,583.995789
757.997498,726.995239,756.979187,729.977844
412.001465,727.998230,415.998077,725.999573
440.024811,727.978760,446.017029,726.988525
347.991455,731.002258,355.987579,733.998108
750.973938,731.979370,756.979187,729.977844
823.008301,732.008301,825.011414,735.005676
348.987976,733.008484,356.996979,736.011353
449.003937,733.982666,466.011047,738.982483
451.025726,734.971680,470.017548,740.976379
736.988281,740.982910,744.996094,737.984192
430.998169,742.003967,447.000336,746.997803
818.011108,742.011536,824.005310,737.006104
731.971802,743.965393,744.996094,737.984192
468.999786,745.007019,571.016663,593.966553
357.008240,745.991394,356.996979,736.011353
357.008240,745.991394,716.005554,80.997696
728.997620,745.984741,739.983643,740.981628
726.989929,746.977478,739.983643,740.981628
679.000366,747.999023,661.000061,750.998901
40.992367,750.000671,41.990562,720.999878
442.999725,750.001282,447.000336,746.997803
480.007996,749.979187,472.016815,741.975586
713.988647,752.992126,706.004456,757.021179
363.988586,757.003723,365.984009,751.008728
703.983337,756.971191,706.004456,757.021179
391.000153,757.999573,510.001770,263.999176
571.000488,758.002625,564.999634,754.000549
701.996765,757.990784,706.004456,757.021179
808.008545,758.001526,812.998169,754.996399
501.006287,758.990906,594.005188,602.994019
592.999573,759.002563,598.000000,757.001770
629.000000,759.001343,619.499390,415.999481
698.992432,758.969238,706.004456,757.021179
807.018860,760.015503,812.998169,754.996399
693.998901,760.974243,656.993713,604.986572
511.001801,761.970520,517.005066,761.010010
511.001801,761.970520,504.019073,755.967773
690.987000,761.977051,694.997131,760.982910
512.995605,763.025940,517.005066,761.010010
368.988800,764.007874,365.984009,751.008728
517.002014,764.002502,517.005066,761.010010
522.007568,764.975769,517.005066,761.010010
680.997681,764.977234,684.992432,763.995789
474.000549,765.998596,481.999542,766.002014
524.999817,765.993896,542.003845,766.979248
679.003662,766.022949,673.993286,766.985107
530.007629,766.954651,542.003845,766.979248
534.003662,767.961914,542.003845,766.979248
669.991699,767.949768,659.996277,770.002747
669.991699,767.949768,543.996704,63.987457
537.006287,769.006348,526.998352,763.988831
540.998718,770.017883,526.998352,763.988831
717.998840,769.992249,702.002197,775.990784
799.003601,770.007629,805.014404,766.014771
46.998817,770.999512,47.004974,741.005005
655.988159,770.934753,659.996277,770.002747
715.995117,771.004211,700.001404,777.006653
407.002991,771.996765,408.002075,766.997742
555.010315,771.960999,557.004211,769.967590
641.993042,772.933472,543.996704,63.987457
376.983398,775.016357,379.986969,770.011169
573.008118,775.050476,575.004578,773.006348
706.000488,774.999817,732.001709,764.995117
606.001648,775.956909,604.999329,773.935852
513.998962,780.992065,511.990479,776.994995
687.999146,781.003052,711.996094,773.011658
516.000183,782.009033,514.003296,778.006287
683.997192,781.983643,711.996094,773.011658
761.998230,781.996155,770.995911,775.996277
787.030579,784.004272,782.019653,792.018677
537.997314,787.021423,541.998169,785.008545
657.998352,787.976990,680.003357,783.003235
390.978912,789.021362,389.984650,781.016846
550.000366,789.021423,554.000061,786.993164
706.000854,788.999451,693.001038,793.999390
36.005074,789.999939,33.003765,760.998962
567.003052,790.995789,554.000061,786.993164
751.000305,791.000427,754.997681,788.997253
578.998596,791.993042,554.000061,786.993164
511.000366,796.000671,501.000732,855.000122
775.001160,796.003418,770.027649,803.024963
399.976288,797.021362,401.982819,792.020874
443.002197,796.999939,433.000183,783.999329
730.998840,798.998840,699.999512,811.999634
670.000427,799.998718,693.001038,793.999390
552.999878,803.999939,573.001282,121.998627
410.997650,805.001587,401.982819,792.020874
644.000305,804.998718,608.000854,806.002747
378.001373,806.999756,372.000702,794.999878
629.000122,808.001709,634.999634,806.001282
719.999878,807.997864,234.003311,308.008057
101.997849,809.000916,106.000793,779.003296
704.000366,813.999939,711.000122,810.000061
754.016357,814.019653,735.013977,827.012024
390.999390,815.002625,384.001343,802.999634
752.003357,815.006409,733.003418,828.010559
426.994232,815.995850,418.996582,805.005371
426.994232,815.995850,418.996582,805.005371
400.001556,817.995789,388.999451,804.999634
817.001221,818.000610,808.996826,828.002686
817.001221,818.000610,808.996826,828.002686
743.999512,821.003967,744.999451,820.997864
680.000183,823.998535,711.000122,810.000061
739.005554,824.008789,735.013977,827.012024
737.003906,825.005066,735.013977,827.012024
444.002350,825.997192,435.986359,817.020935
726.006653,831.006531,735.013977,827.012024
454.990021,832.025024,463.001984,831.010437
722.005249,832.998535,735.013977,827.012024
719.995544,833.998474,733.003418,828.010559
463.995422,836.007385,824.999268,350.006775
471.993164,839.004028,463.001984,831.010437
476.996368,841.011536,529.998962,301.011749
705.013184,840.997314,696.000427,843.990234
609.999451,841.997375,566.999695,288.997894
484.992981,844.020081,501.991486,846.021423
498.003052,848.001038,513.998901,848.985779
504.995667,850.008484,513.998901,848.985779
507.992981,851.018494,504.996887,847.023315
510.994843,852.031494,504.996887,847.023315
510.994843,852.031494,504.996887,847.023315
660.009399,855.010437,509.000885,65.002159
871.999573,860.994873,861.000366,874.002747
858.002197,867.998230,847.005493,879.987732
871.999756,876.997375,859.000305,890.001038
832.005798,910.004395,812.001587,927.001648
829.003662,915.003540,793.004211,956.004272
599.000671,31.005627,618.002197,28.998219
663.997620,54.004017,671.997559,51.006191
715.000488,82.997894,725.996155,80.004120
374.994873,186.000381,384.993713,182.999649
767.008972,207.999161,777.994019,218.001862
631.999329,326.998230,617.999634,329.997070
610.999634,332.999146,608.999451,331.998474
227.999924,348.002930,234.999344,346.001648
578.999695,356.000885,577.000061,352.999420
474.003784,373.001953,487.004517,367.006775
474.003784,373.001953,487.004517,367.006775
866.000000,376.998260,671.997559,51.006191
467.998352,387.002380,481.002472,380.001343
886.997620,388.007874,917.994873,403.002380
916.992920,410.010010,934.991394,416.007416
916.992920,410.010010,934.991394,416.007416
928.997925,419.000000,934.991394,416.007416
950.995728,437.002533,934.991394,416.007416
950.995728,437.002533,934.991394,416.007416
483.001221,452.001556,490.999207,449.005463
581.001404,454.992981,585.000000,452.999847
454.998474,462.001190,468.001678,456.996002
627.986755,468.002014,628.980164,466.999329
734.002441,482.997803,741.000488,483.000092
734.002441,482.997803,741.000488,483.000092
283.998993,498.996368,302.997498,484.998444
283.998993,498.996368,302.997498,484.998444
764.002563,504.997345,781.001343,514.999268
516.003113,514.005371,520.002319,508.001404
787.004761,527.994507,793.996277,529.003479
410.999542,531.999268,730.999268,663.999512
622.989746,534.006897,621.982056,533.012512
622.989746,534.006897,621.982056,533.012512
35.010162,537.001831,54.009895,511.000671
398.997925,542.999268,407.999268,533.999146
665.005859,549.004578,664.001099,550.008484
665.005859,549.004578,664.001099,550.008484
803.000000,549.001404,807.001709,547.000549
804.995178,552.002747,807.001709,547.000549
515.994690,569.004639,520.997009,564.002197
675.000244,605.001709,677.001099,606.001160
450.000977,622.997681,453.000519,614.001953
397.998199,663.000671,400.997955,657.001343
406.998779,673.000610,382.002045,739.997925
406.998779,673.000610,788.001343,497.998840
340.000488,688.000000,343.997040,683.000549
340.992432,690.001282,343.997040,683.000549
752.001465,712.001831,765.002319,703.000610
738.001648,722.002197,738.001221,724.001099
810.006165,736.003418,813.005371,737.002686
810.006165,736.003418,813.005371,737.002686
688.000854,746.001160,424.998932,457.999634
373.992859,773.001282,491.992676,274.012604
373.992859,773.001282,491.992676,274.012604
279.998505,52.000755,341.999054,38.000271
279.998505,52.000755,341.999054,38.000271
650.003601,55.990356,662.004211,53.995022
547.995300,63.990494,543.996704,63.987457
539.996521,65.979698,543.996704,63.987457
690.014648,77.991028,702.015076,75.985474
690.014648,77.991028,702.015076,75.985474
491.993835,79.991150,495.995514,75.983940
481.994019,81.970345,495.995514,75.983940
269.999847,111.999771,330.001160,99.999275
726.023560,143.988647,732.020813,135.986740
730.037598,153.984436,732.020813,135.986740
563.999084,195.994537,572.000122,194.001175
456.017181,229.991287,460.035492,227.986969
456.017181,229.991287,458.005829,215.994705
171.999741,237.999283,218.000305,222.000931
464.057159,253.959061,478.061920,267.952026
541.995789,256.011627,539.995422,248.006378
466.062408,257.955475,478.061920,267.952026
158.001007,270.001251,201.999191,252.001511
478.087494,275.925201,482.021484,273.984833
478.087494,275.925201,478.061920,267.952026
732.010986,276.012787,742.002930,278.014923
284.001801,280.004700,326.001312,266.004578
484.023895,283.978973,482.021484,273.984833
484.023895,283.978973,482.021484,273.984833
500.042450,297.945679,506.036621,295.948822
500.042450,297.945679,506.036621,295.948822
506.050629,301.931732,512.030579,299.954803
831.998535,304.000793,872.000732,316.000427
516.029907,307.952789,524.030579,305.938721
520.021790,309.956360,524.030579,305.938721
524.006226,311.973145,528.011780,307.959564
593.984314,315.921082,598.001465,311.970734
587.993835,317.985443,598.001465,311.970734
87.998566,321.999084,127.998917,302.000549
87.998566,321.999084,127.998917,302.000549
176.000488,326.000824,218.001160,310.002563
913.998840,342.000977,433.000183,783.999329
59.999046,347.999756,98.002220,325.999969
104.002167,386.001312,134.001221,364.000977
872.006348,385.987091,900.001770,397.995575
646.039551,402.035736,646.037048,402.032776
910.022095,409.972534,934.010620,421.987152
910.022095,409.972534,934.010620,421.987152
62.006142,432.006561,68.006424,428.001801
942.010376,435.989655,934.010620,421.987152
942.010376,435.989655,934.010620,421.987152
964.024353,453.980103,948.009216,433.988678
964.024353,453.980103,948.009216,433.988678
38.005951,458.006531,68.006424,428.001801
558.002686,469.983124,563.996033,467.978851
539.981995,503.980469,541.971252,500.000275
519.914673,542.035461,523.931519,536.005066
448.038086,554.014343,454.013794,546.013855
555.953003,580.071472,563.969421,580.064941
559.960876,582.073608,563.969421,580.064941
563.966248,584.090088,563.969421,580.064941
725.997009,643.994324,727.984558,645.980408
494.001190,647.992371,497.997864,643.997742
608.030945,649.962280,608.017822,649.986084
393.908905,674.077637,391.909088,660.048279
688.001404,699.998901,686.000916,704.001709
825.978210,737.992676,827.986328,741.999695
475.973633,740.022217,467.931488,732.106812
704.028503,748.010864,698.008850,749.992981
350.034698,749.975098,352.021332,743.986328
350.034698,749.975098,478.061920,267.952026
700.005859,750.055725,698.008850,749.992981
567.987366,766.060669,555.977661,762.102539
771.983704,807.967041,763.988708,815.965027
749.964966,823.959106,741.976562,829.965515
733.989929,833.975464,737.968994,831.949341
729.989136,835.966370,717.984070,841.959290
725.989563,837.964539,717.984070,841.959290
721.992493,839.970581,717.984070,841.959290
472.011139,845.965210,482.019897,845.957153
494.010956,853.976562,482.019897,845.957153
685.982239,853.946106,677.989502,855.954224
679.979492,855.965759,677.989502,855.954224
526.011963,861.941284,520.005188,857.978027
659.990723,861.988708,653.991455,861.989990
532.004517,863.996826,520.005188,857.978027
651.989319,863.987915,653.991455,861.989990
595.882874,378.019653,595.890686,374.011932
669.972290,397.929474,671.959351,397.929352
543.933411,465.906372,547.938721,461.908691
681.997681,508.015808,683.999512,510.015900
728.000488,509.890747,732.021057,505.902283
728.000488,509.890747,732.021057,505.902283
756.153931,529.882507,770.143616,537.890381
497.982941,585.985291,501.981659,579.986023
731.911133,605.980652,733.908508,607.981506
678.018738,630.000549,678.010132,632.002441
439.923309,720.088440,433.924225,710.076294
750.102600,724.121460,752.092346,724.111145
451.992523,780.004272,449.991882,774.002747
477.994781,792.003723,471.989258,786.009033
487.990723,796.006836,487.990997,792.007141
704.014771,796.014221,700.014160,798.016479
493.990051,798.007629,487.990997,792.007141
700.015381,798.016785,700.014160,798.016479
400.102570,803.901794,396.103088,793.910217
400.102570,803.901794,396.103088,793.910217
513.993835,804.012451,503.992035,798.015320
650.009521,812.024780,664.012756,808.022034
521.999268,41.999172,509.999481,44.002773
515.999695,43.997807,509.999481,44.002773
479.999146,55.994602,504.000702,46.000927
406.000488,90.000572,421.999573,81.999489
627.997559,164.002197,625.996216,154.003769
631.998535,170.000748,625.996216,154.003769
762.000000,169.999115,774.003479,179.999481
487.999390,236.000763,490.001251,228.000092
487.999390,236.000763,490.001251,228.000092
634.000671,252.001022,635.999634,247.998779
631.997864,255.997055,635.999634,247.998779
518.000854,275.999207,524.002502,273.997925
524.001892,279.998749,527.999878,276.000977
528.001038,282.000488,531.998901,278.001648
532.001465,283.999512,535.999146,279.999756
538.000000,286.002625,540.000366,281.995117
544.000366,288.000031,540.000366,281.995117
751.998169,298.003387,761.999939,300.001709
257.998657,319.997406,293.998962,305.996033
692.001587,324.001373,698.000916,324.001007
692.001587,324.001373,698.000916,324.001007
855.999451,348.000061,890.001709,361.997833
203.997543,349.996368,234.001434,334.000763
859.999634,349.997803,890.001709,361.997833
870.000061,353.999420,894.001465,363.996368
526.000122,367.998627,531.999695,361.997314
902.000854,371.999481,914.001953,373.996918
905.997742,374.002655,960.001770,407.998505
156.001938,380.002899,126.001480,404.000885
453.999786,400.000519,465.999725,394.004059
630.004883,399.994446,630.000000,400.011292
109.996895,417.996887,129.996475,401.995880
104.000526,422.000397,129.996475,401.995880
741.997498,423.997589,742.002319,426.004822
525.999512,447.995819,532.001892,444.003265
525.999512,447.995819,532.001892,444.003265
47.998291,481.998352,77.998138,449.998779
670.004517,484.000885,670.004578,486.001984
670.004517,484.000885,670.004578,486.001984
403.999084,495.999756,413.997223,489.995880
403.999084,495.999756,413.997223,489.995880
673.999634,536.000854,671.999939,539.996216
488.004913,545.999695,493.994446,541.995789
488.004913,545.999695,493.994446,541.995789
797.996826,548.003845,807.998169,556.002625
359.997559,552.000854,368.008118,542.004150
359.997559,552.000854,368.008118,542.004150
801.995178,554.003174,810.000732,559.999451
358.003204,555.998413,368.008118,542.004150
470.004364,589.998962,475.998901,583.997803
703.991760,602.002014,705.995789,603.995850
554.002197,609.994690,558.002319,607.993896
629.999939,630.001709,631.998291,630.005005
349.997528,635.999817,354.002808,630.000916
819.995056,657.999573,821.995911,666.000427
817.997192,665.999268,821.995911,666.000427
815.995483,673.998840,817.993530,679.999451
813.999207,679.999634,817.993530,679.999451
812.000122,685.999084,814.001831,689.999146
436.001862,749.999084,437.999664,746.001099
440.000275,752.000488,447.998138,752.001770
443.997955,754.001770,447.998138,752.001770
474.001892,770.000122,461.998749,759.999390
479.998993,772.001953,461.998749,759.999390
406.004120,773.995728,403.998810,764.001099
406.004120,773.995728,403.998810,764.001099
411.997192,778.002686,403.998810,764.001099
411.997192,778.002686,403.998810,764.001099
532.000366,787.998413,566.000183,792.002991
436.003448,797.996399,442.000702,795.998352
440.000122,800.000549,442.000702,795.998352
443.997986,802.003357,445.998505,798.000671
450.001007,805.997070,456.000885,803.997192
454.001221,807.996887,456.000885,803.997192
722.001099,807.999512,716.000549,811.999329
468.001129,814.000916,472.000671,811.996765
477.999756,818.002991,482.000275,816.000000
701.998962,818.000122,711.999634,813.999573
482.000641,819.999207,482.000275,816.000000
487.998993,822.001587,482.000275,816.000000
691.999512,822.000671,686.000122,824.002197
687.998535,823.996155,686.000122,824.002197
681.999878,825.997009,686.000122,824.002197
506.000488,828.002258,509.999695,826.001038
676.000488,827.997009,681.999451,825.995056
670.000244,829.996277,681.999451,825.995056
663.999268,831.994629,681.999451,825.995056
528.000366,834.001038,544.000000,834.000244
535.999756,835.997314,567.999939,837.992615
645.999634,836.001465,625.999695,838.000671
637.999573,837.997253,625.999695,838.000671
436.041748,448.073425,448.036835,442.073792
685.975769,456.041351,689.981689,458.035645
488.047638,469.923889,492.028320,469.930359
389.873657,541.933167,401.816956,529.869690
798.105225,595.967468,804.103027,599.968445
367.876007,605.994080,375.873260,597.986328
802.117065,617.994629,804.103027,599.968445
322.114716,625.993103,328.116272,615.995605
322.114716,625.993103,328.116272,615.995605
597.999634,142.000488,604.001038,139.999634
597.999634,142.000488,604.001038,139.999634
921.999939,528.000000,944.000000,536.000122
136.000046,538.000122,150.000290,520.000305
860.000061,878.000000,849.999756,889.999939
336.000122,928.000061,322.000031,907.999939
448.001343,139.997086,455.984772,131.986603
663.975403,116.032494,675.970215,120.037521
563.989441,204.093704,567.984314,200.091919
563.989441,204.093704,567.984314,200.091919
560.003357,228.003693,563.997986,224.003494
560.003357,228.003693,563.997986,224.003494
320.000519,247.996384,319.999847,247.997437
823.997253,272.001282,828.001404,267.998138
823.997253,272.001282,828.001404,267.998138
696.003296,491.995514,700.000000,491.995178
696.003296,491.995514,700.000000,491.995178
132.001358,787.999634,132.001389,775.999451
