215.996735,7.508872,220.004623,9.006155
241.494095,7.491091,245.997955,9.498831
241.494095,7.491091,245.997955,9.498831
172.982086,9.506475,180.002121,10.498075
140.501114,10.017037,143.997040,9.995818
150.004227,12.003838,153.488647,12.495784
223.507065,12.003685,227.509094,13.503833
223.507065,12.003685,227.509094,13.503833
237.034683,13.029020,241.025925,14.502770
222.447037,15.002141,226.451950,16.502670
224.982025,15.997413,228.980957,17.504662
224.982025,15.997413,228.980957,17.504662
18.971607,16.517530,17.500353,14.491097
143.000732,16.499031,146.495865,16.994766
31.489529,17.989349,32.007931,16.467541
103.493256,17.998384,105.994370,17.500841
103.493256,17.998384,105.994370,17.500841
164.993378,21.017750,169.476562,21.511642
164.993378,21.017750,169.476562,21.511642
114.492096,21.497860,117.484283,21.501919
114.492096,21.497860,117.484283,21.501919
186.005951,21.489902,190.992188,22.508280
75.037720,21.946875,77.953102,21.569340
108.010307,25.484278,110.509552,24.994513
120.498566,28.484541,123.497139,28.492872
186.484924,29.027124,192.001358,29.482111
241.994904,31.032137,245.482330,32.519775
82.997917,31.989508,85.988815,31.505880
144.509476,32.005432,147.984604,32.497765
176.002655,33.006851,180.008423,33.988197
201.516602,33.011871,206.526840,33.493858
201.516602,33.011871,206.526840,33.493858
106.020393,33.510906,109.505814,33.491222
150.001541,34.006901,152.999023,34.995678
154.000290,34.995140,157.498749,35.006424
125.999245,36.996830,128.998535,36.995960
125.999245,36.996830,128.998535,36.995960
209.503342,37.024502,214.996902,38.019222
124.497467,39.002125,127.499031,39.001938
63.570412,39.582005,64.978355,38.475334
177.024216,40.984535,181.007385,41.499889
74.492393,42.050808,76.941612,41.581409
188.497604,42.501232,194.000061,42.999992
126.496574,42.997810,129.498535,42.998341
63.518200,43.567818,64.988846,42.480816
26.982325,44.502384,25.987001,43.528561
238.501297,44.996593,241.997299,46.502346
98.493874,47.502609,101.500725,47.006405
223.496582,47.551483,229.002502,48.529221
57.491276,51.500145,58.493237,50.993870
164.492493,51.501301,168.519302,51.003990
76.496788,51.999237,78.003075,51.002678
109.409409,52.517616,114.901070,52.567715
69.484421,54.496227,70.991364,53.995224
109.484367,57.005665,115.013809,57.005302
111.996254,61.989403,119.018333,61.979221
226.513550,64.004997,231.477905,65.021873
78.002907,66.013130,80.501068,65.504906
72.998825,66.505707,75.504898,66.003944
72.998825,66.505707,75.504898,66.003944
81.478912,69.013252,84.491447,68.505348
29.507084,69.500259,28.497152,68.501671
74.498093,71.969460,77.516449,72.022476
123.984276,73.467857,130.013794,73.487923
165.003616,73.498383,170.504288,73.988739
238.485397,73.500229,242.503647,73.997322
238.485397,73.500229,242.503647,73.997322
58.451008,74.017014,60.513786,73.513062
153.503723,75.022499,159.497787,74.995842
164.505981,75.483322,169.993469,76.002472
180.484604,75.503189,185.486053,76.006393
178.001007,76.497971,183.497849,76.502495
76.477448,77.004684,79.003166,76.464027
242.997604,76.995544,246.488266,77.994797
226.499496,77.491890,230.497681,78.000023
56.506897,78.020233,58.065964,77.489212
129.483353,79.009346,134.997223,78.998383
58.554317,80.987228,59.539509,80.489929
167.496811,81.016487,172.995789,81.500786
103.592255,82.057487,111.929863,82.005249
11.503820,87.501457,10.003481,86.493500
11.503820,87.501457,10.003481,86.493500
174.497955,89.502342,179.509506,89.995697
191.485367,94.492386,196.512589,94.508026
213.513840,94.493080,218.504807,94.996902
64.508797,94.998207,66.012871,95.007904
64.508797,94.998207,66.012871,95.007904
72.001564,94.992424,73.483971,95.005745
153.664307,95.862350,160.403793,96.672585
68.014648,97.003830,69.499443,97.005135
68.014648,97.003830,70.021751,95.501060
116.979729,97.509453,122.973251,97.509605
235.508713,101.518738,241.994080,101.998337
235.508713,101.518738,241.994080,101.998337
124.493614,102.008652,130.497040,102.007874
124.493614,102.008652,130.497040,102.007874
170.994263,102.488861,176.493790,102.500710
161.004089,103.496681,167.004654,103.495377
161.004089,103.496681,167.004654,103.495377
147.495697,104.006859,155.496628,104.010101
46.505009,106.051407,47.490429,106.008347
226.494263,107.479340,233.004715,108.018715
225.000549,107.992264,229.503937,109.026024
60.484348,109.526390,62.998207,109.587303
185.012741,110.506531,192.501251,110.995819
80.467537,111.018013,84.962807,111.030800
78.060074,115.481262,81.504730,115.510788
133.496490,115.502213,143.006134,115.500671
53.996983,117.487343,54.510757,117.015999
141.133896,117.407463,150.508194,117.427261
130.007629,121.006020,139.506317,121.007530
130.007629,121.006020,139.506317,121.007530
205.998886,123.509583,212.498962,123.994698
137.499557,124.496796,147.996872,124.500610
47.003872,124.994881,47.485268,125.518105
186.002350,125.474510,193.995331,125.463432
201.474564,125.988052,208.491150,126.503471
31.567467,126.461357,31.994478,126.480995
151.492844,127.492226,160.497345,127.492867
106.025734,128.460907,114.010246,128.472534
106.025734,128.460907,114.010246,128.472534
227.511963,128.508728,233.004196,128.510437
183.995987,130.508301,190.998901,130.504883
130.053497,131.482330,142.037323,131.495789
130.053497,131.482330,142.037323,131.495789
132.032242,132.452393,144.044632,132.451111
214.502411,132.491379,221.011993,132.509964
209.529999,135.994080,216.020905,136.020477
217.504700,135.990189,224.505615,135.992966
217.504700,135.990189,224.505615,135.992966
131.978867,140.963348,142.519257,140.988632
143.088150,141.881271,153.941345,142.010422
154.496918,143.570221,164.472229,143.615906
12.474499,145.979965,11.497694,146.494507
149.387711,147.169434,159.991501,146.499069
55.983215,148.009369,58.466805,148.560181
170.505493,148.490448,178.486725,148.490097
215.014343,148.996170,221.005707,149.046951
70.476006,150.972870,74.478241,151.536392
101.492035,152.512787,109.500687,152.500839
101.492035,152.512787,109.500687,152.500839
105.479675,152.523651,113.514763,152.510666
105.479675,152.523651,113.514763,152.510666
158.486465,152.421417,168.021606,152.462814
158.486465,152.421417,168.021606,152.462814
234.509277,152.994705,239.491135,152.493118
157.022705,154.493332,166.985779,154.493057
126.004768,156.009903,133.492371,156.004517
136.471283,156.531769,144.484390,156.542740
141.004272,156.505157,149.000275,156.513794
119.996506,158.504318,127.011436,158.492371
147.416763,160.561752,155.417770,160.558670
167.503281,160.507874,176.010437,160.492737
167.503281,160.507874,176.010437,160.492737
166.532211,162.472504,174.976746,162.558502
141.456879,163.897369,148.487534,163.950867
141.456879,163.897369,148.487534,163.950867
60.503334,167.009262,62.495914,166.995712
180.461594,167.000778,187.462585,166.481110
173.961700,167.494736,182.023743,167.536972
235.015732,168.006516,240.987778,166.991531
235.015732,168.006516,240.987778,166.991531
232.499893,170.510269,238.504288,169.491592
83.998306,171.498184,91.988792,171.514267
32.980286,172.961151,34.078152,173.984238
195.003738,173.003479,200.988892,172.494080
235.500610,172.996658,241.507507,172.527985
8.483860,173.497131,8.016129,174.499023
122.509521,174.482254,126.509087,174.480209
183.991409,174.495209,190.006775,174.003937
190.998856,174.509293,197.496536,174.003052
190.998856,174.509293,197.496536,174.003052
65.477051,176.535385,69.011116,176.490219
106.516922,177.995926,110.000969,177.989716
106.516922,177.995926,110.000969,177.989716
236.488617,179.009369,243.005585,177.998535
72.532021,179.489670,76.493111,180.010849
153.990021,182.000748,159.976181,181.487350
150.521515,183.011154,156.003586,182.500854
235.001373,183.996201,240.993988,182.968155
64.499863,185.004440,66.973839,185.506729
205.998184,184.994263,212.993073,184.504150
210.493149,185.495911,217.497604,184.997055
66.962593,186.012482,70.527374,186.479691
66.962593,186.012482,70.527374,186.479691
218.485748,187.006989,225.517059,185.971695
116.500938,188.000290,120.000679,188.000412
116.500938,188.000290,120.000679,188.000412
74.508476,189.507462,79.996429,190.012192
175.470810,189.499771,180.996521,188.995163
115.993675,190.493332,119.494972,190.485580
214.984085,190.489304,221.487137,190.017456
112.493629,191.996231,116.004494,192.501114
112.493629,191.996231,116.004494,192.501114
148.985931,193.481125,154.001511,192.990845
35.981834,194.538345,38.992107,195.589767
28.514912,195.496521,30.496479,195.994293
17.523949,195.998352,19.012436,196.993774
17.523949,195.998352,19.012436,196.993774
218.497620,196.018951,225.006607,195.002121
38.535881,196.995636,41.498650,198.029709
159.492844,199.002792,163.504059,198.501862
159.492844,199.002792,163.504059,198.501862
236.044708,199.005722,242.512299,198.019287
236.044708,199.005722,242.512299,198.019287
11.998639,199.501434,13.510626,200.523666
187.492798,202.500916,192.997696,201.491058
108.044937,204.091949,111.958534,204.003418
182.036499,203.993896,187.002213,203.525986
65.485527,204.526428,69.982315,204.977890
221.012100,204.515106,227.011002,203.513245
221.012100,204.515106,227.011002,203.513245
89.004356,204.997726,95.016289,205.503403
88.492004,205.998062,94.500389,206.499741
102.002815,206.499359,106.995247,206.992889
99.498131,207.009445,104.514465,206.998886
163.497543,208.498642,167.489456,208.003860
95.986862,211.493820,101.997444,211.999222
25.008320,214.001770,26.002407,215.497620
168.520569,213.992859,172.507584,214.006287
93.560722,214.966965,98.974289,215.482605
93.560722,214.966965,98.974289,215.482605
127.022758,214.989288,129.987961,214.988327
147.510086,216.472534,150.994339,216.546463
177.970779,216.493515,182.473312,216.006760
132.993683,216.993607,136.498947,217.002762
50.503944,217.512329,52.991673,218.502090
53.002361,218.521790,55.996838,219.502258
135.499329,218.499146,138.500015,218.488907
154.514114,218.492279,158.007843,217.991898
135.000275,220.497421,138.500916,220.507248
196.488342,220.496597,201.004166,219.498016
115.899307,222.693420,119.464287,222.528229
58.003468,223.496918,60.507549,224.490891
234.996597,225.497192,240.494781,223.996872
26.525122,226.001434,27.005575,227.000351
63.992867,226.004059,66.987900,226.491074
54.479912,228.011032,56.983906,229.011307
74.513596,228.508209,77.976570,228.967743
18.432686,230.004669,19.028847,230.988831
104.499725,230.002838,108.000969,230.500702
167.537201,230.996033,170.970551,230.538864
39.488201,231.531235,41.007347,232.495712
36.994843,231.979263,38.008366,232.998581
27.479065,234.005539,28.506399,235.495041
39.493229,234.985046,41.492439,236.492920
165.006561,235.002319,168.504562,233.993744
165.006561,235.002319,168.504562,233.993744
196.474808,236.982193,202.491837,235.985474
35.517960,237.495544,36.990055,239.024857
169.990570,237.503113,174.000290,237.002289
37.006031,237.982712,39.005764,239.484833
37.006031,237.982712,39.005764,239.484833
38.504349,238.496948,40.509720,239.994797
38.504349,238.496948,40.509720,239.994797
47.490425,238.488770,49.478428,240.015762
40.017082,238.968201,42.003452,240.492325
40.017082,238.968201,42.003452,240.492325
199.000519,238.993042,205.001358,237.998581
41.014648,239.514420,42.003452,240.492325
41.014648,239.514420,42.003452,240.492325
44.495541,240.994858,47.011929,242.523590
76.503868,241.496506,79.996490,242.496567
170.001419,242.520020,173.999146,241.504700
94.999496,242.996552,99.504784,243.495117
94.999496,242.996552,99.504784,243.495117
165.479446,242.973526,169.487900,242.485626
41.002270,245.493332,42.995998,246.510269
58.997192,246.507202,62.009789,247.501572
165.508682,246.498627,169.496185,246.010315
212.501862,246.994537,217.500122,245.497803
161.487045,248.000580,165.495697,247.500107
137.985077,159.824707,145.482269,159.863144
232.505966,8.493462,236.506073,10.000806
103.994812,9.499492,105.992546,9.000062
226.009903,9.500272,230.017334,10.989085
226.009903,9.500272,230.017334,10.989085
90.997116,10.002808,92.503609,9.496229
19.498585,10.501378,18.003393,9.000149
106.494095,10.499229,108.496605,9.994768
94.494759,11.000314,96.503975,10.498458
78.496819,11.487366,80.495384,11.014437
88.494789,11.492925,90.511719,10.990224
88.494789,11.492925,90.511719,10.990224
147.509567,11.505053,151.003098,13.000475
217.010178,11.997534,221.493637,13.495664
217.010178,11.997534,221.493637,13.495664
52.988827,12.486898,55.005203,11.507318
66.491531,12.493791,68.520485,11.520741
141.502548,12.497800,145.497803,12.503359
141.502548,12.497800,145.497803,12.503359
190.002396,13.497241,195.998322,14.995103
190.999237,13.994354,195.998322,14.995103
98.003296,14.496213,100.001160,14.502360
98.003296,14.496213,100.001160,14.502360
31.503262,15.004882,31.500587,13.993138
58.500702,15.012230,59.997833,13.490672
58.500702,15.012230,59.997833,13.490672
128.999710,16.499075,131.502762,16.497873
206.499908,16.523190,211.012024,17.478884
100.510590,17.498671,103.000290,17.000856
177.490906,20.005709,183.502899,20.993359
202.493866,20.022301,207.000549,21.004301
202.493866,20.022301,207.000549,21.004301
233.542496,20.013546,236.989609,21.495663
45.997662,21.496016,47.502689,20.501503
34.504322,22.012098,34.495285,20.495386
72.505974,23.498436,75.504387,22.988708
72.505974,23.498436,75.504387,22.988708
111.016090,23.528030,113.502380,22.997883
194.002090,23.494680,198.491486,24.489950
194.002090,23.494680,198.491486,24.489950
220.504898,24.990173,224.489548,26.500900
148.987717,25.509686,152.491852,25.477476
110.490128,26.504482,113.005730,26.497328
136.498444,26.507296,139.503159,26.500351
195.005127,26.501469,200.000381,27.504591
195.005127,26.501469,200.000381,27.504591
30.008539,27.483797,29.513000,26.496758
96.002914,27.497662,98.998169,26.501019
226.511398,27.996443,230.506668,29.497189
226.511398,27.996443,230.506668,29.497189
116.497581,30.492369,119.993179,30.004820
116.497581,30.492369,119.993179,30.004820
165.991302,30.501915,169.999527,30.997412
24.459877,30.987284,23.489599,29.470022
225.003906,31.533464,229.011917,32.492733
101.489174,31.987612,105.048019,32.070778
185.502350,32.003330,190.999237,33.005905
89.503937,32.986523,91.992981,32.472290
203.486954,33.004021,208.485504,34.001530
203.486954,33.004021,208.485504,34.001530
64.012375,33.503391,66.013268,32.513638
64.012375,33.503391,66.013268,32.513638
221.501648,33.494846,226.002075,34.504757
239.996750,34.994007,243.497772,36.494961
239.996750,34.994007,243.497772,36.494961
80.992989,37.004543,83.996941,36.501862
83.981972,37.019035,86.986931,36.517048
169.009460,36.999657,172.495636,37.496811
73.010757,37.504593,75.008568,37.018162
46.499229,38.004185,46.998531,37.004333
109.511803,38.499763,113.504929,37.497398
191.024353,38.995461,197.504028,40.005619
65.491020,40.507809,66.992935,39.997662
132.002090,43.010082,136.002197,43.009460
11.993272,43.496265,9.487937,42.501774
154.004349,44.501972,157.501846,44.999710
29.020054,44.984409,28.505648,44.003605
29.020054,44.984409,28.505648,44.003605
178.499420,45.501369,182.501877,45.999241
178.499420,45.501369,182.501877,45.999241
133.009399,46.002411,136.998474,45.996582
226.493851,45.991241,231.498367,46.991276
163.001175,47.502350,166.500748,48.002403
46.008213,48.001583,46.502819,46.996792
46.008213,48.001583,46.502819,46.996792
128.489807,48.501945,132.497330,48.505749
128.489807,48.501945,132.497330,48.505749
33.005619,48.989235,31.990948,48.002605
221.010986,49.997448,226.495651,50.988838
55.006500,50.526623,55.993832,49.496670
135.498871,51.493900,140.500519,51.502781
204.989426,51.511532,211.511841,52.491726
204.989426,51.511532,211.511841,52.491726
215.473160,51.988029,221.504822,53.497158
215.473160,51.988029,221.504822,53.497158
234.506516,52.026516,238.509537,53.003605
199.001938,52.499023,204.502014,53.502319
28.486332,53.002625,27.484907,52.003643
43.000443,53.514133,43.500679,52.498814
243.499878,53.506889,247.005356,54.999874
243.499878,53.506889,247.005356,54.999874
116.001854,53.992409,120.995956,53.990055
179.502625,54.002174,183.996002,54.505741
220.008835,53.992386,226.010651,54.992603
75.498215,55.007023,77.498940,54.506161
62.020897,56.993507,63.006893,56.496323
111.455246,57.971870,117.449554,57.999878
94.497818,58.505459,97.495552,58.499474
124.488152,59.014927,130.499619,59.005207
190.002609,58.994610,196.008621,60.001141
199.498276,60.494499,204.502319,61.001591
199.498276,60.494499,204.502319,61.001591
217.520584,60.987904,222.518448,62.015965
124.507187,62.562351,131.003098,62.575970
124.507187,62.562351,131.003098,62.575970
128.585312,63.015774,134.046585,63.053734
159.010590,63.007607,163.013123,62.983566
167.499802,63.500023,172.991394,64.488647
240.988846,63.977665,244.486176,64.979836
170.479813,64.489120,175.997467,65.004562
85.974083,65.980774,88.970085,66.065262
178.498749,66.000076,184.013199,66.486923
178.498749,66.000076,184.013199,66.486923
26.498661,67.002037,25.500914,65.992355
111.973282,66.974373,119.988068,66.992828
214.496048,67.005051,219.993530,67.987175
154.000397,67.495987,158.500916,67.998215
66.999138,69.494873,70.007523,68.990852
188.490463,69.502541,193.498352,69.995232
188.490463,69.502541,193.498352,69.995232
53.488041,70.010818,54.995487,69.509163
117.006424,69.968613,124.506554,69.968163
214.002090,70.000320,219.004669,70.483162
36.011921,70.497749,36.004822,70.005913
36.011921,70.497749,36.004822,70.005913
42.988182,74.992386,43.493114,74.493416
234.511200,74.990959,237.995758,76.004280
172.002747,75.512062,177.000763,75.487915
187.001770,75.495735,191.999573,75.501991
215.999924,76.004745,220.510056,76.497437
37.493374,76.504959,38.006596,75.993294
38.504913,76.994736,38.006596,75.993294
126.011589,78.991669,131.543304,78.993698
188.501785,79.007210,193.508667,78.995445
45.491280,79.505661,46.508381,79.007362
45.491280,79.505661,46.508381,79.007362
238.994125,80.992920,242.998993,82.001801
112.006653,81.992516,119.999153,81.505791
148.006989,81.987473,156.003464,81.991959
193.495041,82.002365,198.501251,82.502991
56.997284,82.999062,57.994385,82.504059
69.510605,83.000587,71.004059,82.998024
72.506256,82.997971,73.998978,83.005280
72.506256,82.997971,73.998978,83.005280
61.991940,84.998741,62.992924,85.006012
66.499939,85.495934,67.482468,85.499245
66.499939,85.495934,67.482468,85.499245
89.980690,85.485313,95.968742,85.485298
195.498184,85.998802,199.999405,86.004120
109.004745,87.014656,116.991096,86.487068
57.006554,87.497498,57.983047,87.521126
57.006554,87.497498,57.983047,87.521126
176.996246,87.492416,181.995239,88.000069
120.493134,89.510796,126.485710,89.509224
145.501205,90.002296,153.493027,89.999825
63.996338,90.497528,65.512398,90.502380
63.996338,90.497528,65.512398,90.502380
220.493042,90.998642,225.505920,91.502159
68.494469,91.500893,69.995949,91.507919
57.496498,91.997780,58.491356,91.499672
57.496498,91.997780,58.491356,91.499672
132.520386,92.006157,138.499542,92.009125
230.998459,93.003769,235.997971,93.501991
183.987152,93.989197,188.990051,94.505447
116.000748,94.496620,122.495552,94.495804
188.489944,95.505020,193.995285,95.502365
188.489944,95.505020,193.995285,95.502365
174.494675,96.498375,179.501160,96.499489
100.992920,97.993652,108.502090,97.994392
100.992920,97.993652,108.502090,97.994392
181.493896,98.500053,186.992889,98.492050
181.493896,98.500053,186.992889,98.492050
218.997650,98.491524,224.476959,98.508408
58.001778,99.002975,59.500404,98.506035
113.999634,99.001190,120.001358,99.000015
92.569366,99.466400,100.550308,99.474106
143.469818,99.994339,151.979370,99.986046
68.003784,101.496719,70.008232,101.505569
178.006699,102.009789,183.500336,102.488228
173.502884,103.505989,179.009018,103.990280
62.513866,104.003029,63.995922,104.037727
106.468056,105.508743,112.977486,105.506729
148.049774,106.434944,155.867874,106.481133
240.515854,107.008423,245.999954,106.987221
72.486702,107.513924,76.018158,106.988846
121.025269,108.524948,127.015991,108.525139
121.025269,108.524948,127.015991,108.525139
163.508026,108.497322,169.501007,108.494522
139.994644,110.513557,148.990311,110.990868
72.475525,111.008194,74.995796,110.997528
127.016647,110.998085,134.013184,111.004982
216.006729,112.005119,221.999054,112.995529
115.495865,113.001617,122.017937,112.993652
118.503868,113.501732,124.993721,113.000450
226.996490,114.005096,232.497330,113.987495
71.452995,115.510536,73.967758,114.983307
121.007156,115.496376,127.479202,116.006416
106.024712,116.515076,112.504562,116.530678
130.004639,118.000275,138.505447,118.507126
158.998047,118.005638,165.992096,118.010025
186.985458,118.498871,193.484268,118.001968
33.494316,118.999641,34.002213,118.997864
100.004570,119.496704,107.002579,119.499252
52.998039,120.002449,54.001900,120.003929
52.998039,120.002449,54.001900,120.003929
81.999695,120.496643,85.999802,120.499084
90.975410,120.997513,99.521515,120.504837
46.509064,121.497147,47.007366,121.493866
181.932190,122.017311,190.454376,122.035461
173.960281,123.979156,181.535278,124.524963
226.001022,123.995705,231.501114,123.996132
170.991364,125.499641,178.001343,125.497803
179.524384,126.009766,186.505173,126.526489
54.000328,126.499336,55.000206,126.498825
63.999573,126.499527,65.504303,126.498917
63.999573,126.499527,65.504303,126.498917
43.510559,128.988022,44.524651,128.973495
49.496986,130.002457,50.490459,130.016129
232.994095,130.502838,238.497787,129.996231
61.501877,131.503952,62.995998,131.999191
184.000290,136.996796,190.999237,136.996780
226.487305,138.494110,232.508575,138.508743
11.000210,139.494934,9.499160,140.007996
64.999870,141.003998,66.495354,141.001312
220.999878,140.996735,226.997162,141.003738
98.009438,142.024414,108.008080,142.005951
60.984467,144.012024,63.005520,144.001160
130.499527,144.001495,140.495529,143.999207
130.499527,144.001495,140.495529,143.999207
147.975220,144.975693,159.023270,144.953445
151.502197,145.004959,162.009781,144.990997
204.022064,144.988373,211.510422,145.039749
155.503784,146.000336,165.496567,145.512894
226.513565,146.500137,232.009781,146.001434
158.987793,146.999664,169.011520,147.003891
230.006699,147.495483,235.504868,147.498962
59.994820,148.499832,62.497456,148.483673
66.481155,150.495071,70.027359,151.059326
185.498077,150.498596,191.998459,150.501221
185.498077,150.498596,191.998459,150.501221
93.998734,151.005341,103.502121,151.496277
34.001331,152.998291,34.496529,153.500717
228.990540,153.997482,234.493835,154.008453
112.991493,154.500427,120.577095,154.488434
129.000702,157.502335,137.000839,157.994995
113.498932,157.999390,120.500755,157.999924
153.010147,158.495575,162.009964,158.503204
229.998093,159.000458,235.496704,158.495392
33.000317,159.502991,32.999237,159.499542
33.000317,159.502991,32.999237,159.499542
175.500702,161.001297,182.502228,160.494217
21.998415,162.503464,21.495478,163.002991
142.487167,164.032944,150.479218,163.460922
88.500931,164.491486,97.003555,164.499634
183.502182,165.491653,189.996033,164.998138
230.010162,165.497269,235.498123,165.001328
22.984074,169.003830,23.510788,169.499710
103.495041,168.997177,107.507095,169.494400
194.501587,169.001022,200.499405,168.500290
226.492416,169.493515,232.505249,168.997040
156.495087,169.999863,163.994736,170.011505
192.509262,172.000183,198.999893,171.499649
192.509262,172.000183,198.999893,171.499649
108.503571,175.005219,112.496407,175.001358
53.496063,175.518997,55.013500,176.006226
172.939941,175.521072,179.463287,174.965683
167.507019,176.981659,173.489426,176.503372
32.500683,177.500854,33.503860,178.498566
164.985291,179.001724,170.502686,178.442047
170.507050,179.017044,175.991379,178.512817
230.493454,180.492386,236.499847,179.504959
15.480942,181.009033,16.981709,181.495621
15.480942,181.009033,16.981709,181.495621
31.999086,181.496902,33.501232,182.502136
235.999680,181.499588,241.999634,180.513107
232.501907,182.515274,238.498505,181.495239
222.496994,183.504333,229.493011,182.488113
54.512093,184.001083,56.001274,184.495865
208.498245,183.995743,215.501007,183.008560
42.994267,184.497009,43.995800,185.004669
194.500458,185.471985,201.470444,184.983841
41.999325,187.503021,43.000282,187.996658
70.987503,188.010345,74.996223,188.003326
63.975304,189.516312,67.010696,190.010162
21.518099,191.007050,23.505285,192.006027
232.996887,191.499817,239.497528,190.500458
223.984406,192.982651,230.481277,192.510727
23.499884,193.492188,25.513369,194.501282
203.012085,193.987778,209.514542,193.509399
203.012085,193.987778,209.514542,193.509399
210.498352,194.008606,216.998932,193.491211
44.502148,194.510864,47.010933,194.979126
63.453358,194.999420,67.499405,195.487305
88.000244,194.997269,94.500214,195.009949
128.503082,194.991898,132.004150,194.990326
128.503082,194.991898,132.004150,194.990326
196.006699,195.489761,201.493042,195.006500
237.015594,195.474777,243.561508,195.027191
159.502533,195.988937,163.993774,196.031113
185.516937,196.977615,191.515579,196.492432
62.996876,198.009598,67.497238,198.992905
151.497192,198.004608,155.500290,197.512100
45.996296,198.511749,49.514244,198.973633
103.494186,199.001587,107.997871,198.997574
209.498901,199.001633,215.999374,198.012634
58.504776,200.004379,62.000229,200.491653
77.498772,201.515305,84.018738,202.494125
77.498772,201.515305,84.018738,202.494125
221.999100,201.500885,228.000015,200.503296
51.004238,201.986511,53.992638,203.011703
115.990112,202.000900,119.501472,201.996674
127.503372,202.000137,131.002701,201.997742
232.513626,201.995316,238.483002,201.007294
232.513626,201.995316,238.483002,201.007294
57.986969,205.517014,60.982449,205.994690
57.986969,205.517014,60.982449,205.994690
74.495049,206.006241,82.005280,206.497726
33.000126,206.505417,35.998047,208.003876
164.974930,206.489090,168.990677,205.978775
164.974930,206.489090,168.990677,205.978775
19.000349,207.512512,20.494001,208.992249
179.969254,207.979172,185.518463,207.510880
56.998341,208.499466,60.001629,209.490921
207.503357,208.503891,213.496597,207.499268
53.498898,208.997467,56.497795,210.001114
53.498898,208.997467,56.497795,210.001114
149.998154,211.500504,153.498184,210.996719
17.492085,211.992889,18.499851,213.508331
121.998322,211.996918,125.494339,211.999161
121.998322,211.996918,125.494339,211.999161
131.520889,212.509735,134.483505,212.517288
61.982841,213.504822,64.993408,214.495621
64.470779,214.005737,68.021500,214.495865
223.002258,215.001678,228.998062,213.494507
196.501740,215.499603,201.498123,214.500198
31.503962,217.495087,33.000771,218.499619
31.503962,217.495087,33.000771,218.499619
238.004044,217.498489,243.981613,216.002777
89.508041,218.506210,95.990196,219.012939
152.003860,219.495087,155.501465,219.000900
162.993835,219.496643,166.992188,218.998962
58.497696,220.494156,61.512039,221.502686
236.485596,222.497070,241.984558,220.995911
25.997103,222.996063,26.495028,224.495651
151.991562,223.011948,155.502884,222.498474
45.983578,223.531082,48.503956,224.526489
197.014404,223.502075,201.493988,222.494537
197.014404,223.502075,201.493988,222.494537
15.510552,224.005081,15.515049,225.503815
15.510552,224.005081,15.515049,225.503815
84.963310,224.501053,89.993980,224.981125
31.493881,225.506454,32.506603,226.487732
171.007370,225.997589,175.477722,225.501724
186.020370,226.002274,189.990906,224.990967
59.031109,226.507797,61.513889,227.519470
59.031109,226.507797,61.513889,227.519470
85.495041,226.510498,89.962524,226.998825
92.001007,226.470352,96.505470,227.002777
92.001007,226.470352,96.505470,227.002777
122.503281,226.993759,126.499535,226.994537
29.992561,228.002975,30.991241,229.496017
109.499756,228.002274,112.994141,227.990860
14.533610,229.492798,14.512108,230.975082
14.533610,229.492798,14.512108,230.975082
111.998260,229.998032,115.499397,229.999359
111.998260,229.998032,115.499397,229.999359
70.496452,231.501450,73.513405,232.996887
70.496452,231.501450,73.513405,232.996887
31.487356,231.988449,32.471878,233.496918
59.003178,231.996262,61.499725,232.992813
33.509441,234.500198,35.000450,235.992783
132.499420,234.970947,136.530258,234.960938
132.499420,234.970947,136.530258,234.960938
239.999954,235.998947,245.501938,234.496307
85.482025,238.006989,89.506096,238.497818
180.977463,238.510040,185.508362,237.504532
53.511162,239.495087,56.006744,240.503830
35.005028,239.988037,36.998798,241.484879
196.001801,239.988358,201.502609,238.509888
56.515121,241.007904,58.989021,241.997589
68.507072,240.998550,71.489067,241.999619
46.511780,241.495529,48.504601,242.485718
51.507450,241.496674,53.998970,243.012619
101.503174,241.490448,104.990906,242.005142
101.503174,241.490448,104.990906,242.005142
123.499222,241.997330,126.496773,241.998642
28.499687,243.497955,30.005053,244.999527
28.499687,243.497955,30.005053,244.999527
34.500084,244.005249,36.002754,245.504105
34.500084,244.005249,36.002754,245.504105
48.996201,244.507935,51.502892,245.997665
74.000648,245.497971,77.491966,246.506500
74.000648,245.497971,77.491966,246.506500
110.503876,245.504517,113.498390,245.496078
119.999977,14.997631,122.500404,14.504539
90.498314,15.499173,92.495522,14.996802
187.994019,15.999476,193.503708,16.990133
172.494446,16.985947,178.490494,17.993980
172.494446,16.985947,178.490494,17.993980
29.010515,17.493290,28.483667,16.005646
198.499878,17.999640,203.000229,19.000122
162.501190,18.500835,167.000549,19.002329
190.500488,21.002583,195.500397,22.000797
67.984200,21.490877,70.993393,21.040020
220.002487,22.005713,224.495575,23.500807
154.499619,23.999735,158.001953,24.500237
175.994308,24.998028,181.477448,25.506197
175.994308,24.998028,181.477448,25.506197
90.501724,27.503052,93.003136,27.002920
39.502632,29.002335,40.002419,27.500965
39.502632,29.002335,40.002419,27.500965
169.004379,29.001892,173.004822,29.999054
122.497719,31.504801,125.498543,31.503092
122.497719,31.504801,125.498543,31.503092
136.000076,32.000584,139.001480,32.001617
159.498657,32.501366,163.001465,33.000546
75.499916,34.003193,77.995644,33.496647
213.002487,35.503006,218.499924,36.998547
213.002487,35.503006,218.499924,36.998547
67.003838,35.995995,68.477432,35.488892
92.495148,36.000343,95.005783,35.503899
110.000290,37.499466,113.504929,37.497398
237.499847,40.499405,240.996948,41.502098
173.495605,41.000679,177.503723,42.000271
229.002533,40.996593,233.007782,42.001522
229.002533,40.996593,233.007782,42.001522
194.004456,41.498665,200.507141,42.496265
70.499359,42.503334,72.499817,41.999596
108.488556,43.001255,112.999794,43.001080
118.001167,44.003433,122.000481,44.000355
206.998520,47.498638,212.506531,48.002621
217.997833,47.503006,223.496490,48.996910
120.502113,48.499302,124.500557,47.500130
61.497986,49.501408,62.996861,48.501663
131.496246,51.498417,136.000656,51.502644
20.498709,52.994488,18.993212,51.509975
135.012497,54.551338,140.451279,54.445213
135.012497,54.551338,140.451279,54.445213
160.500443,55.501205,163.999924,55.999832
91.498955,56.001396,94.002007,55.997242
159.500427,55.999241,163.999924,55.999832
159.500427,55.999241,163.999924,55.999832
127.540024,56.548309,133.491837,55.918327
218.499802,57.506660,224.003738,58.499836
218.499802,57.506660,224.003738,58.499836
49.020748,58.980610,49.504616,58.512241
79.000893,60.502724,80.999214,60.005219
225.990540,61.488384,231.496765,62.497562
137.500626,64.003670,142.002304,64.499954
30.498846,64.999146,29.502460,64.000618
177.500778,69.509605,182.496735,69.480812
168.000168,72.500626,173.000595,72.999191
168.000168,72.500626,173.000595,72.999191
218.501923,72.502403,222.998108,73.498360
32.501251,72.997238,32.002895,72.000923
32.501251,72.997238,32.002895,72.000923
83.993530,75.501160,87.997757,75.002678
220.994614,77.501740,224.998840,78.003563
210.999908,78.001060,215.501236,78.998062
28.503445,78.499115,28.003613,77.502373
49.500160,78.504364,50.496532,78.001373
195.502197,78.495201,200.497528,78.994461
172.000412,79.996712,177.000092,80.001404
176.980408,79.963783,181.988419,80.491150
176.980408,79.963783,181.988419,80.491150
52.489235,82.521141,53.515671,82.004341
225.499161,82.996628,229.498581,83.499405
217.998795,88.498482,222.001083,88.997757
45.499802,93.502281,45.997837,93.497482
56.007664,96.507812,57.514923,96.007698
56.007664,96.507812,57.514923,96.007698
236.997101,96.501266,242.003906,96.506615
183.497772,101.502220,190.001221,101.502213
61.504730,103.001495,62.991974,103.031631
146.497467,102.999550,154.994125,102.995300
221.996201,105.500816,227.996658,105.992821
118.000298,106.498283,124.006088,106.499130
118.000298,106.498283,124.006088,106.499130
47.995842,110.001633,49.003368,109.488281
47.995842,110.001633,49.003368,109.488281
97.500542,111.000977,104.996681,111.003548
97.500542,111.000977,104.996681,111.003548
230.501282,111.501472,236.001816,111.993111
118.495667,112.502792,124.993721,113.000450
159.499557,113.501633,166.500656,113.995415
159.499557,113.501633,166.500656,113.995415
118.998222,119.501358,126.491005,119.503166
67.999153,120.499542,69.501259,120.497749
24.499605,124.498680,24.499783,124.000687
160.503433,124.999985,168.501938,124.501381
160.503433,124.999985,168.501938,124.501381
212.505417,125.998032,217.995636,125.996468
153.000763,127.498550,162.000412,127.498398
216.491852,128.500870,222.499481,128.499985
230.007248,129.000061,235.504272,129.000107
230.007248,129.000061,235.504272,129.000107
219.993500,131.003525,227.000565,132.003723
66.001671,132.997757,67.497269,133.501617
194.995438,136.507004,203.016739,136.502060
95.997337,136.998749,105.499901,137.001526
149.996704,137.999268,160.000534,138.000870
144.995834,138.500198,155.003006,138.003998
43.998714,140.501938,46.497742,140.501343
43.998714,140.501938,46.497742,140.501343
126.505104,141.988724,136.491653,141.993423
23.496954,142.501358,23.003742,142.997620
23.496954,142.501358,23.003742,142.997620
89.498055,145.998352,99.500542,145.000946
183.997620,146.499695,190.496124,146.002579
46.000385,147.511444,47.993713,147.514160
52.001129,147.516464,54.508011,147.498734
50.497650,151.008469,52.507042,151.496689
190.501007,150.998215,197.002243,150.502304
190.501007,150.998215,197.002243,150.502304
118.000351,151.501770,126.000694,151.503601
46.492512,153.503983,47.983585,154.034897
228.498123,155.500870,233.999023,155.000473
234.503098,156.000504,240.495972,155.497864
36.000004,160.000412,36.002445,160.499252
130.499634,161.500183,137.501892,161.500290
18.501905,164.006302,18.497133,164.995346
165.497253,165.504898,173.999619,165.498505
40.498928,166.999710,40.997780,167.498856
136.972916,167.529312,143.512695,167.468658
136.972916,167.529312,143.512695,167.468658
214.502441,167.998840,220.501129,167.498322
214.502441,167.998840,220.501129,167.498322
189.997421,168.503372,196.001068,168.494659
134.495605,170.012833,140.003571,170.002533
203.500366,170.499878,209.501434,170.000458
203.500366,170.499878,209.501434,170.000458
173.501968,171.493317,180.994736,170.999100
86.492004,173.496643,94.496300,173.496765
86.492004,173.496643,94.496300,173.496765
73.000816,174.501419,77.997826,175.499222
59.516567,174.993317,61.510521,175.498932
154.983322,176.489548,161.427963,176.592133
45.001503,176.999588,45.996731,177.496933
151.491028,178.998306,157.492874,179.000397
112.498871,179.496841,115.999924,179.498016
112.498871,179.496841,115.999924,179.498016
69.503250,180.994431,73.491066,181.497864
69.503250,180.994431,73.491066,181.497864
218.995667,183.495651,225.996445,182.504837
155.019333,189.993973,160.480652,189.476883
155.019333,189.993973,160.480652,189.476883
233.502213,190.002243,240.001892,189.005188
209.003494,190.505814,215.493942,189.498627
25.488436,192.009949,27.998531,192.512695
79.502213,194.506500,85.501480,195.005707
96.998611,194.496674,102.503288,194.498550
199.998001,196.002136,205.504456,195.496689
33.000565,198.493073,35.503712,199.494263
191.002167,198.497528,196.498703,197.995590
99.002159,198.998352,104.001816,199.000977
99.002159,198.998352,104.001816,199.000977
228.499207,199.498337,234.997772,198.001251
121.500618,204.500778,125.000252,204.501709
35.999565,205.497925,38.503437,206.496216
193.500000,206.999847,197.999756,205.500580
193.500000,206.999847,197.999756,205.500580
229.999969,207.502258,236.000534,206.497650
141.990738,208.502655,146.018082,208.504150
141.990738,208.502655,146.018082,208.504150
195.498810,209.498962,200.498474,208.500244
109.008163,212.488968,112.997612,212.994659
50.495087,213.997986,53.002750,214.998245
140.496292,213.995163,144.000763,213.500824
189.497955,215.000854,193.999466,214.498428
108.946716,216.545258,113.682487,216.899994
108.946716,216.545258,113.682487,216.899994
228.498993,216.499710,234.001480,214.999481
115.001625,216.997818,118.498856,217.000595
115.001625,216.997818,118.498856,217.000595
151.500305,217.998642,154.999817,217.500397
15.512736,218.507553,15.495013,220.003021
106.003670,218.997284,110.004211,219.001495
181.497162,219.002716,185.994400,218.501083
181.497162,219.002716,185.994400,218.501083
19.491987,219.496445,19.505934,220.992996
177.481934,221.009964,181.995682,220.511978
172.496597,222.002304,176.499847,221.499252
68.997551,223.018921,72.494507,224.029556
138.504807,223.002426,142.003876,222.998718
12.058797,223.444656,12.119610,224.882263
12.058797,223.444656,12.119610,224.882263
147.001724,223.498550,150.499390,223.001999
210.501205,223.498413,215.999786,222.001251
189.998428,224.501129,194.498108,223.997742
55.495674,225.003372,57.996567,226.003586
55.495674,225.003372,57.996567,226.003586
231.500366,225.497971,236.999237,223.998413
127.995834,226.503204,131.502014,226.499893
127.995834,226.503204,131.502014,226.499893
188.501007,229.998581,193.000000,229.000000
43.992493,231.511353,46.004002,232.483826
172.499084,231.501953,176.496063,231.003525
197.005020,232.504333,203.496933,230.999603
201.561554,233.034485,207.542038,231.490219
201.561554,233.034485,207.542038,231.490219
66.503815,236.499649,69.506210,237.500214
66.503815,236.499649,69.506210,237.500214
124.504013,238.998947,127.998825,239.002411
174.001190,241.501465,178.496948,241.001343
162.001343,243.000534,165.999542,242.500992
24.992285,16.984758,25.020639,16.012896
197.979706,22.984552,203.013367,23.977116
197.979706,22.984552,203.013367,23.977116
122.004219,24.988802,125.004944,24.991049
183.023300,36.983292,186.987701,36.982803
213.003708,41.974380,218.005264,42.983952
56.990063,46.015072,59.044216,45.035843
200.000031,46.994064,206.008270,48.003708
133.000534,62.998051,138.014984,63.004227
24.999653,76.000053,23.999487,75.001648
65.024628,81.989449,66.003014,82.000732
77.040901,81.996712,78.999474,82.014862
228.005661,94.992416,232.998489,96.002548
178.010010,97.012650,182.997208,96.996994
41.021095,123.000305,40.985661,123.014580
29.030678,129.992798,30.039158,129.978470
55.987373,129.987762,56.989441,129.986130
37.011692,141.014633,39.001148,141.017471
180.995880,170.985184,187.995178,171.025467
41.026550,173.019211,40.997036,174.031204
232.011734,175.011215,238.010666,174.008408
232.011734,175.011215,238.010666,174.008408
85.999878,179.024246,94.100266,180.005905
155.005035,194.993942,159.988907,195.002365
174.999268,201.013306,178.986237,199.991791
174.999268,201.013306,178.986237,199.991791
231.980820,200.990494,239.017639,200.010849
231.980820,200.990494,239.017639,200.010849
114.009651,202.989441,116.993095,204.029343
200.977142,203.000519,208.037399,200.987366
200.977142,203.000519,208.037399,200.987366
50.989197,204.986801,55.012230,205.997330
17.991011,213.982483,17.990721,214.980057
78.008133,220.007538,83.007927,221.009293
39.994438,49.002411,39.992657,48.001110
39.994438,49.002411,39.992657,48.001110
48.995884,69.011948,49.997108,67.992195
195.996597,70.003723,201.001434,69.994133
52.014503,88.990990,53.014847,88.993805
52.014503,88.990990,53.014847,88.993805
55.997971,104.003181,57.997578,104.000572
198.995987,137.006775,207.002625,137.009888
154.994293,152.000137,165.010895,151.983826
143.992477,154.998627,151.996292,154.995773
59.005016,156.983398,60.995388,158.008408
59.005016,156.983398,60.995388,158.008408
74.008850,188.000763,79.995926,187.999710
74.008850,188.000763,79.995926,187.999710
188.001328,189.040573,195.025665,187.984085
216.989014,192.999390,223.993256,193.019638
46.011745,196.008408,49.007927,197.014664
184.007828,207.990356,189.014648,206.973343
213.002701,211.992706,219.004730,210.989868
163.001404,224.992432,166.999069,225.001694
163.001404,224.992432,166.999069,225.001694
75.993187,234.995178,80.009888,236.002136
75.993187,234.995178,80.009888,236.002136
136.967194,69.934242,141.970505,69.932648
197.009003,93.134369,202.004196,94.130913
84.964432,165.944855,92.989723,165.936035
136.995941,34.999729,140.995987,33.991013
136.995941,34.999729,140.995987,33.991013
118.010567,60.993107,123.987251,61.013298
118.010567,60.993107,123.987251,61.013298
133.003510,74.996338,137.989685,74.994865
153.001663,86.986855,159.000916,88.016228
210.987045,92.012192,215.998367,91.989975
155.999985,103.997505,162.002029,103.002144
42.998875,117.000862,44.002594,116.998436
216.001526,157.998779,222.002304,157.999222
203.001419,171.995270,210.003250,171.998215
69.973091,210.977676,74.989799,211.990463
203.001602,212.003372,206.997894,209.999237
36.003330,221.000031,38.998196,223.011246
36.003330,221.000031,38.998196,223.011246
141.006042,222.994598,143.997284,222.999649
43.999645,64.003151,41.995773,63.995892
149.992905,117.995270,157.986465,118.006081
41.990433,136.010361,43.989998,137.996460
211.994247,139.991760,217.992783,138.012177
205.992386,190.009552,211.999176,190.002167
135.992142,82.017784,142.006409,81.996750
39.998653,96.001465,40.001732,96.008163
186.001770,142.017242,196.024826,146.003250
200.122009,53.937256,202.121964,51.959694
170.000595,107.999947,179.997116,107.999695
