553347
0001.jpg,0002.jpg,1574.91,1828.1,1574.03,1827.55,205,205,205
0001.jpg,0003.jpg,2107.38,1427.63,2107.24,1427.95,239,240,242
0001.jpg,0004.jpg,1804.12,2766.7,1803.29,2766.92,235,236,238
0001.jpg,0005.jpg,2209.09,2656.08,2207.83,2656.26,240,244,243
0001.jpg,0006.jpg,2801.94,2024.58,2801.22,2024.58,195,196,198
0001.jpg,0007.jpg,1881.44,2769.81,1877.24,2769.13,233,234,236
0001.jpg,0008.jpg,1631.34,1906.69,1626.27,1907.48,243,244,246
0001.jpg,0009.jpg,2797.86,2776.82,2796.64,2777.58,203,204,206
0001.jpg,0010.jpg,2209.09,2656.08,2203.14,2656.52,240,244,243
0001.jpg,0011.jpg,2112.18,2534.94,2103.27,2536.06,91,92,94
0001.jpg,0012.jpg,2725.83,2158.69,2720.71,2160.45,196,198,197
0001.jpg,0013.jpg,1975.65,1733.26,1961.63,1732.59,241,242,244
0001.jpg,0014.jpg,1818.87,1704.66,1800.88,1705.2,163,164,166
0001.jpg,0015.jpg,2797.86,2776.82,2790.89,2778.91,203,204,206
0001.jpg,0016.jpg,2070.27,1523.46,2054.79,1524.45,254,255,255
0001.jpg,0017.jpg,1549.56,2196.91,1526.13,2198.2,195,196,198
0001.jpg,0018.jpg,2738.82,1802.82,2727.03,1800.95,226,227,229
0001.jpg,0019.jpg,2797.86,2776.82,2783.68,2779.67,203,204,206
0001.jpg,0020.jpg,1463.64,1437.83,1444.49,1441.43,246,247,251
0001.jpg,0021.jpg,2132.56,1593.65,2107.67,1593.98,240,241,243
0001.jpg,0022.jpg,1606.59,2547.76,1566.36,2545.77,233,234,236
0001.jpg,0023.jpg,2162.84,2778.54,2133.13,2778.87,202,203,205
0001.jpg,0024.jpg,2107.38,1427.63,2074.46,1427.82,239,240,242
0001.jpg,0025.jpg,2581.74,2739.71,2543.31,2742.92,221,222,224
0001.jpg,0026.jpg,2107.38,1427.63,2071.33,1427.87,239,240,242
0001.jpg,0027.jpg,1463.64,1437.83,1441.41,1442.91,246,247,251
0001.jpg,0028.jpg,2521.1,1428.22,2474.45,1425.12,233,235,234
0001.jpg,0029.jpg,1696.81,1909.31,1657.22,1910.53,230,231,233
0001.jpg,0030.jpg,2521.44,1431.48,2468.88,1427.68,223,224,226
0001.jpg,0031.jpg,1963.73,1428.41,1923.78,1429.92,220,221,223
0001.jpg,0032.jpg,2618.21,2680.98,2562.58,2685.9,237,238,240
0001.jpg,0033.jpg,2640.37,2753.38,2584.31,2757.82,199,200,202
0001.jpg,0034.jpg,2620.71,1431.81,2570.81,1427.77,216,220,223
0001.jpg,0035.jpg,2521.44,1431.48,2459.94,1427.73,223,224,226
0001.jpg,0036.jpg,1478.77,1594.84,1447.42,1596.73,201,202,204
0001.jpg,0037.jpg,1463.64,1437.83,1443.64,1444.56,246,247,251
0001.jpg,0038.jpg,2662.03,1588.86,2609.2,1584.15,235,236,238
0001.jpg,0039.jpg,2521.44,1431.48,2457.51,1427.84,223,224,226
0001.jpg,0040.jpg,2521.44,1431.48,2457.22,1427.74,223,224,226
0002.jpg,0001.jpg,2648.0,1848.36,2648.11,1847.93,136,137,139
0002.jpg,0003.jpg,1455.95,1670.94,1455.22,1670.96,164,165,167
0002.jpg,0004.jpg,2567.48,1532.38,2567.24,1531.94,189,190,192
0002.jpg,0005.jpg,1520.32,2527.4,1517.96,2527.42,206,206,208
0002.jpg,0006.jpg,1798.16,2520.81,1794.62,2521.25,246,247,249
0002.jpg,0007.jpg,2130.45,1581.16,2129.12,1581.71,249,250,252
0002.jpg,0008.jpg,2711.16,2113.85,2708.63,2114.81,240,241,243
0002.jpg,0009.jpg,2270.15,2639.18,2265.6,2637.83,149,150,152
0002.jpg,0010.jpg,1570.26,2234.18,1561.92,2234.12,249,250,252
0002.jpg,0011.jpg,2130.5,2562.68,2122.61,2562.05,253,254,255
0002.jpg,0012.jpg,2153.86,1494.89,2145.66,1494.71,218,219,221
0002.jpg,0013.jpg,1811.87,2091.29,1798.45,2090.68,228,229,231
0002.jpg,0014.jpg,2102.16,2694.57,2089.41,2694.37,247,247,249
0002.jpg,0015.jpg,2102.16,2694.57,2087.42,2694.26,247,247,249
0002.jpg,0016.jpg,2023.04,1465.93,2006.59,1465.26,249,250,252
0002.jpg,0017.jpg,1903.14,1428.39,1884.9,1429.21,214,215,217
0002.jpg,0018.jpg,2738.15,1802.64,2727.03,1800.95,224,225,227
0002.jpg,0019.jpg,2130.45,1581.16,2110.5,1580.85,249,250,252
0002.jpg,0020.jpg,2130.45,1581.16,2108.67,1580.59,249,250,252
0002.jpg,0021.jpg,1618.83,2407.46,1577.3,2407.02,92,93,95
0002.jpg,0022.jpg,2798.69,2141.94,2774.98,2142.0,236,237,239
0002.jpg,0023.jpg,1552.58,2243.23,1519.26,2242.92,214,215,217
0002.jpg,0024.jpg,2009.95,2787.83,1971.89,2786.13,64,64,64
0002.jpg,0025.jpg,2581.99,2738.73,2543.31,2742.92,204,205,207
0002.jpg,0026.jpg,2535.89,1832.28,2498.75,1830.08,214,216,215
0002.jpg,0027.jpg,1903.14,1428.39,1868.06,1430.2,214,215,217
0002.jpg,0028.jpg,2550.98,2316.6,2498.27,2320.2,125,126,128
0002.jpg,0029.jpg,2731.81,1707.67,2696.92,1704.77,207,208,210
0002.jpg,0030.jpg,2651.44,1429.46,2606.48,1425.3,208,208,208
0002.jpg,0031.jpg,2550.15,2785.92,2489.92,2789.74,64,64,64
0002.jpg,0032.jpg,2482.73,2327.75,2414.78,2328.87,186,187,189
0002.jpg,0033.jpg,2550.15,2785.92,2484.14,2789.89,64,64,64
0002.jpg,0034.jpg,1560.38,2626.42,1510.51,2622.05,195,195,197
0002.jpg,0035.jpg,2482.73,2327.75,2408.98,2329.14,186,187,189
0002.jpg,0036.jpg,2795.34,1424.14,2733.3,1418.09,75,75,75
0002.jpg,0037.jpg,2167.55,2765.66,2118.06,2764.18,245,246,248
0002.jpg,0038.jpg,2728.64,1780.42,2679.68,1777.11,244,246,245
0002.jpg,0039.jpg,2581.99,2738.73,2518.09,2744.67,204,205,207
0002.jpg,0040.jpg,1528.23,2092.87,1487.09,2095.16,196,197,199
0003.jpg,0001.jpg,2346.14,2420.91,2345.87,2421.56,252,253,255
0003.jpg,0002.jpg,2171.58,2572.89,2170.52,2572.82,117,118,120
0003.jpg,0004.jpg,1446.99,2648.66,1447.14,2632.26,0,0,0
0003.jpg,0005.jpg,2383.97,1997.74,2382.96,1997.54,226,227,229
0003.jpg,0006.jpg,1446.99,2648.66,1446.38,2452.79,0,0,0
0003.jpg,0007.jpg,2738.94,2130.23,2737.99,2129.79,202,203,205
0003.jpg,0008.jpg,2164.82,1559.42,2161.36,1558.99,149,153,156
0003.jpg,0009.jpg,2193.46,2733.19,2189.44,2732.97,229,230,232
0003.jpg,0010.jpg,1926.49,1440.94,1921.07,1441.1,214,215,217
0003.jpg,0011.jpg,2699.15,2150.49,2694.38,2150.53,198,199,201
0003.jpg,0012.jpg,2212.73,1436.37,2205.98,1435.83,105,106,108
0003.jpg,0013.jpg,1810.65,2501.31,1791.32,2500.25,217,218,220
0003.jpg,0014.jpg,2528.76,2761.99,2516.67,2763.38,213,214,216
0003.jpg,0015.jpg,1926.49,1440.94,1911.41,1440.66,214,215,217
0003.jpg,0016.jpg,2226.34,1625.23,2211.48,1624.86,147,148,150
0003.jpg,0017.jpg,1845.73,2685.07,1817.62,2685.39,218,219,221
0003.jpg,0018.jpg,1559.18,2632.05,1530.34,2631.27,226,227,229
0003.jpg,0019.jpg,2471.11,2216.85,2441.99,2217.16,227,228,230
0003.jpg,0020.jpg,2151.56,2481.96,2125.74,2481.95,235,236,240
0003.jpg,0021.jpg,1926.49,1440.94,1900.34,1441.47,214,215,217
0003.jpg,0022.jpg,1926.49,1440.94,1899.28,1441.98,214,215,217
0003.jpg,0023.jpg,2327.64,2772.07,2296.27,2773.46,102,106,109
0003.jpg,0024.jpg,1771.13,2098.96,1736.88,2098.77,235,236,238
0003.jpg,0025.jpg,2327.64,2772.07,2291.34,2773.07,102,106,109
0003.jpg,0026.jpg,2528.76,2761.99,2481.61,2764.66,213,214,216
0003.jpg,0027.jpg,2528.76,2761.99,2479.42,2764.48,213,214,216
0003.jpg,0028.jpg,2528.76,2761.99,2475.85,2764.62,213,214,216
0003.jpg,0029.jpg,1501.58,1489.17,1475.63,1491.61,117,118,120
0003.jpg,0030.jpg,2528.76,2761.99,2471.43,2764.77,213,214,216
0003.jpg,0031.jpg,2528.76,2761.99,2469.03,2763.42,213,214,216
0003.jpg,0032.jpg,2471.47,2316.69,2403.53,2316.81,211,212,214
0003.jpg,0033.jpg,2571.23,1675.77,2513.0,1671.86,102,103,105
0003.jpg,0034.jpg,1926.49,1440.94,1885.71,1443.15,214,215,217
0003.jpg,0035.jpg,2334.57,1428.47,2271.69,1425.9,186,186,186
0003.jpg,0036.jpg,1632.95,2412.38,1558.63,2407.52,91,92,94
0003.jpg,0037.jpg,1717.32,2781.36,1653.37,2777.11,233,234,236
0003.jpg,0038.jpg,2728.94,1763.97,2679.1,1760.69,230,231,233
0003.jpg,0039.jpg,1926.49,1440.94,1883.74,1442.99,214,215,217
0003.jpg,0040.jpg,2728.94,1763.97,2678.04,1760.65,230,231,233
0004.jpg,0001.jpg,1717.7,2309.76,1719.04,2309.77,166,167,169
0004.jpg,0002.jpg,1456.37,1861.58,1456.92,1861.67,204,205,209
0004.jpg,0003.jpg,2451.09,2158.8,2452.5,2160.24,204,205,207
0004.jpg,0005.jpg,1457.99,1793.42,1456.87,1793.37,169,170,174
0004.jpg,0006.jpg,2484.26,2726.55,2484.4,2727.73,222,223,225
0004.jpg,0007.jpg,1478.04,2193.55,1475.2,2193.61,254,255,255
0004.jpg,0008.jpg,2224.94,2755.83,2222.57,2756.1,132,133,135
0004.jpg,0009.jpg,2219.76,2566.82,2217.16,2567.76,229,230,232
0004.jpg,0010.jpg,2074.0,1428.07,2068.23,1427.98,227,228,230
0004.jpg,0011.jpg,1775.6,2286.59,1767.04,2285.68,194,195,197
0004.jpg,0012.jpg,2604.54,2634.66,2598.09,2636.19,233,234,236
0004.jpg,0013.jpg,1551.77,2660.34,1537.03,2657.78,245,246,248
0004.jpg,0014.jpg,2141.8,1610.02,2129.87,1608.89,208,209,211
0004.jpg,0015.jpg,2161.76,2778.72,2149.24,2778.69,207,208,210
0004.jpg,0016.jpg,1624.96,2575.45,1603.27,2574.25,148,149,151
0004.jpg,0017.jpg,1604.89,1967.21,1582.51,1966.31,193,194,196
0004.jpg,0018.jpg,1465.22,2724.89,1439.0,2721.27,118,119,121
0004.jpg,0019.jpg,1482.19,1690.7,1458.6,1691.92,252,253,255
0004.jpg,0020.jpg,1510.7,1871.07,1484.1,1872.19,235,236,238
0004.jpg,0021.jpg,2161.76,2778.72,2137.11,2778.78,207,208,210
0004.jpg,0022.jpg,1551.77,2660.34,1515.59,2656.93,245,246,248
0004.jpg,0023.jpg,2161.76,2778.72,2133.13,2778.87,207,208,210
0004.jpg,0024.jpg,1604.89,1967.21,1571.28,1966.4,193,194,196
0004.jpg,0025.jpg,1817.72,2782.49,1767.52,2780.12,231,232,234
0004.jpg,0026.jpg,1907.48,2781.77,1855.12,2780.04,228,229,231
0004.jpg,0027.jpg,2547.21,1522.05,2507.22,1518.91,241,242,244
0004.jpg,0028.jpg,2538.61,1904.04,2496.36,1903.27,253,254,255
0004.jpg,0029.jpg,2737.76,1802.31,2701.04,1799.12,253,254,255
0004.jpg,0030.jpg,2500.81,1441.65,2451.01,1438.26,204,205,207
0004.jpg,0031.jpg,2631.9,2775.93,2580.36,2780.73,186,187,189
0004.jpg,0032.jpg,2783.12,2731.47,2732.29,2735.8,227,228,232
0004.jpg,0033.jpg,2156.39,2772.32,2110.1,2771.54,143,147,150
0004.jpg,0034.jpg,2024.15,1429.37,1975.18,1429.64,198,199,201
0004.jpg,0035.jpg,1575.09,2102.93,1534.94,2104.89,201,202,204
0004.jpg,0036.jpg,2275.32,1668.98,2225.84,1667.99,202,204,203
0004.jpg,0037.jpg,1841.12,1705.35,1793.69,1706.88,179,180,182
0004.jpg,0038.jpg,2092.0,2580.06,2032.65,2579.19,154,155,159
0004.jpg,0039.jpg,2551.05,1565.46,2491.61,1563.89,252,253,255
0004.jpg,0040.jpg,1440.79,2290.88,2766.69,1895.23,62,62,62
0005.jpg,0001.jpg,2281.48,2596.08,2283.02,2596.73,249,250,252
0005.jpg,0002.jpg,2228.72,1669.83,2228.93,1669.82,153,155,154
0005.jpg,0003.jpg,1925.24,1440.39,1926.49,1440.94,216,217,219
0005.jpg,0004.jpg,1927.77,2616.44,1926.64,2616.03,247,248,250
0005.jpg,0006.jpg,1454.16,1686.87,1453.58,1687.11,191,192,194
0005.jpg,0007.jpg,1454.16,1686.87,1452.38,1687.56,191,192,194
0005.jpg,0008.jpg,2333.53,1428.39,2330.98,1427.75,146,147,149
0005.jpg,0009.jpg,1591.07,2004.37,1586.57,2004.57,232,233,235
0005.jpg,0010.jpg,2537.64,2297.97,2533.89,2299.32,234,235,237
0005.jpg,0011.jpg,2185.77,2555.11,2179.65,2554.81,248,249,251
0005.jpg,0012.jpg,1461.88,1890.46,1451.08,1890.09,159,163,166
0005.jpg,0013.jpg,2649.04,1484.96,2645.0,1485.35,223,224,226
0005.jpg,0014.jpg,2210.04,2759.13,2201.31,2759.85,117,118,120
0005.jpg,0015.jpg,1925.24,1440.39,1911.41,1440.66,216,217,219
0005.jpg,0016.jpg,2649.04,1484.96,2639.17,1483.71,223,224,226
0005.jpg,0017.jpg,2503.34,1441.58,2484.93,1440.32,227,228,230
0005.jpg,0018.jpg,2738.08,1801.83,2727.03,1800.95,244,245,247
0005.jpg,0019.jpg,1471.03,2351.31,1442.95,2349.27,237,238,240
0005.jpg,0020.jpg,1526.64,2076.3,1500.26,2075.52,249,250,252
0005.jpg,0021.jpg,1925.24,1440.39,1900.34,1441.47,216,217,219
0005.jpg,0022.jpg,2503.34,1441.58,2471.98,1439.28,227,228,230
0005.jpg,0023.jpg,2503.34,1441.58,2472.25,1439.73,227,228,230
0005.jpg,0024.jpg,2600.84,1539.9,2571.6,1537.32,197,198,200
0005.jpg,0025.jpg,1663.81,1989.07,1631.07,1989.77,254,255,255
0005.jpg,0026.jpg,1526.05,2093.98,1491.38,2095.56,192,193,195
0005.jpg,0027.jpg,2738.08,1801.83,2707.4,1801.47,244,245,247
0005.jpg,0028.jpg,2528.7,2761.96,2475.85,2764.62,213,214,216
0005.jpg,0029.jpg,2600.84,1539.9,2559.13,1536.57,197,198,200
0005.jpg,0030.jpg,2304.72,1641.86,2264.11,1643.67,242,243,245
0005.jpg,0031.jpg,2690.11,2511.81,2627.88,2515.37,237,238,240
0005.jpg,0032.jpg,2600.84,1539.9,2552.57,1536.83,197,198,200
0005.jpg,0033.jpg,2775.33,2567.51,2713.15,2571.85,246,247,249
0005.jpg,0034.jpg,1483.62,2193.61,1445.41,2191.55,208,209,211
0005.jpg,0035.jpg,2337.47,2394.84,2274.6,2398.46,252,253,255
0005.jpg,0036.jpg,2774.34,2554.2,2705.59,2558.38,208,209,211
0005.jpg,0037.jpg,2649.04,1484.96,2594.93,1480.56,223,224,226
0005.jpg,0038.jpg,2774.34,2554.2,2703.91,2557.88,208,209,211
0005.jpg,0039.jpg,2580.38,2739.92,2518.09,2744.67,205,206,208
0005.jpg,0040.jpg,2649.04,1484.96,2593.87,1480.8,223,224,226
0006.jpg,0001.jpg,1769.25,1751.77,1772.0,1752.75,224,225,227
0006.jpg,0002.jpg,2108.95,2387.27,2110.64,2387.34,210,211,213
0006.jpg,0003.jpg,2550.95,1512.91,2551.86,1512.6,151,152,154
0006.jpg,0004.jpg,2218.94,2566.74,2219.76,2566.82,248,249,253
0006.jpg,0005.jpg,1527.49,2033.15,1529.2,2032.34,150,151,153
0006.jpg,0007.jpg,1820.66,2728.37,1817.61,2728.64,230,231,233
0006.jpg,0008.jpg,2397.13,1860.45,2395.42,1860.41,225,225,225
0006.jpg,0009.jpg,2218.94,2566.74,2217.16,2567.76,248,249,253
0006.jpg,0010.jpg,1681.61,1965.03,1675.89,1964.86,239,240,242
0006.jpg,0011.jpg,1782.02,2071.61,1774.42,2070.1,235,236,238
0006.jpg,0012.jpg,2108.95,2387.27,2101.07,2387.35,210,211,213
0006.jpg,0013.jpg,2108.95,2387.27,2098.17,2388.01,210,211,213
0006.jpg,0014.jpg,2108.95,2387.27,2097.08,2387.49,210,211,213
0006.jpg,0015.jpg,2142.21,2498.16,2129.06,2498.02,205,207,206
0006.jpg,0016.jpg,2162.54,1857.96,2141.47,1857.74,181,182,184
0006.jpg,0017.jpg,2674.07,2638.09,2657.58,2638.58,212,213,215
0006.jpg,0018.jpg,2238.72,2532.52,2221.4,2532.19,205,206,208
0006.jpg,0019.jpg,2108.95,2387.27,2086.29,2387.39,210,211,213
0006.jpg,0020.jpg,1461.75,1438.0,1444.49,1441.43,254,255,255
0006.jpg,0021.jpg,1816.01,2782.38,1777.88,2781.06,222,223,225
0006.jpg,0022.jpg,2550.95,1512.91,2526.05,1511.96,151,152,154
0006.jpg,0023.jpg,2647.0,2668.5,2615.62,2670.81,200,201,203
0006.jpg,0024.jpg,2522.58,2393.41,2475.57,2394.94,211,213,212
0006.jpg,0025.jpg,2133.86,2419.74,2098.7,2418.67,207,208,210
0006.jpg,0026.jpg,1471.11,1667.7,1441.73,1669.85,253,254,255
0006.jpg,0027.jpg,1461.75,1438.0,1441.41,1442.91,254,255,255
0006.jpg,0028.jpg,1816.01,2782.38,1759.22,2780.28,222,223,225
0006.jpg,0029.jpg,1816.01,2782.38,1757.01,2780.27,222,223,225
0006.jpg,0030.jpg,2530.12,1525.23,2483.94,1524.1,197,198,200
0006.jpg,0031.jpg,2693.54,2524.98,2632.57,2528.38,210,212,211
0006.jpg,0032.jpg,1461.75,1438.0,1442.7,1443.58,254,255,255
0006.jpg,0033.jpg,1816.01,2782.38,1751.12,2779.9,222,223,225
0006.jpg,0034.jpg,1492.49,1865.26,1456.91,1867.05,249,250,252
0006.jpg,0035.jpg,2577.85,2723.04,2517.6,2726.86,213,214,216
0006.jpg,0036.jpg,1492.49,1865.26,1456.61,1866.38,249,250,252
0006.jpg,0037.jpg,1461.75,1438.0,1443.64,1444.56,254,255,255
0006.jpg,0038.jpg,1492.49,1865.26,1456.41,1866.22,249,250,252
0006.jpg,0039.jpg,2469.09,2216.98,2393.05,2217.98,246,247,249
0006.jpg,0040.jpg,2600.71,2776.17,2539.42,2780.85,241,242,244
0007.jpg,0001.jpg,2091.22,2473.53,2094.62,2473.57,238,239,241
0007.jpg,0002.jpg,1805.19,2551.01,1810.73,2551.44,241,242,244
0007.jpg,0003.jpg,2198.58,2475.58,2201.65,2475.92,233,234,236
0007.jpg,0004.jpg,2697.59,2089.76,2697.64,2090.59,195,196,198
0007.jpg,0005.jpg,2697.59,2089.76,2698.54,2089.67,195,196,198
0007.jpg,0006.jpg,2157.27,1985.66,2158.59,1985.96,239,243,246
0007.jpg,0008.jpg,2095.83,1422.65,2094.7,1422.65,64,64,64
0007.jpg,0009.jpg,1805.19,2551.01,1802.94,2550.37,241,242,244
0007.jpg,0010.jpg,2534.07,2564.8,2529.04,2564.03,220,221,225
0007.jpg,0011.jpg,2095.83,1422.65,2090.85,1422.59,64,64,64
0007.jpg,0012.jpg,1612.0,2484.37,1602.1,2483.84,226,227,229
0007.jpg,0013.jpg,1676.07,2305.27,1665.59,2304.58,224,224,224
0007.jpg,0014.jpg,2160.05,2778.65,2151.16,2779.08,244,245,247
0007.jpg,0015.jpg,2095.83,1422.65,2083.92,1422.8,64,64,64
0007.jpg,0016.jpg,2160.05,2778.65,2147.81,2778.82,244,245,247
0007.jpg,0017.jpg,2776.9,1739.21,2768.86,1738.69,131,132,134
0007.jpg,0018.jpg,1805.16,2564.07,1779.53,2562.62,254,255,255
0007.jpg,0019.jpg,1532.0,2223.27,1508.19,2222.72,205,207,206
0007.jpg,0020.jpg,2095.83,1422.65,2073.84,1422.56,64,64,64
0007.jpg,0021.jpg,2007.56,1438.14,1993.83,1442.67,82,83,87
0007.jpg,0022.jpg,1924.94,2617.1,1887.51,2616.39,195,196,200
0007.jpg,0023.jpg,2588.03,2769.3,2558.43,2771.42,197,198,200
0007.jpg,0024.jpg,2610.48,1482.13,2582.9,1479.04,246,246,248
0007.jpg,0025.jpg,2095.83,1422.65,2063.42,1422.54,64,64,64
0007.jpg,0026.jpg,2588.03,2769.3,2549.85,2772.57,197,198,200
0007.jpg,0027.jpg,2588.03,2769.3,2546.86,2772.5,197,198,200
0007.jpg,0028.jpg,2446.45,2363.52,2388.14,2363.88,251,252,254
0007.jpg,0029.jpg,1489.62,1631.37,1461.04,1635.0,207,208,210
0007.jpg,0030.jpg,1757.69,1771.77,1717.13,1772.57,161,162,164
0007.jpg,0031.jpg,2527.03,2762.44,2469.03,2763.42,241,242,244
0007.jpg,0032.jpg,2007.56,1438.14,1969.11,1439.99,82,83,87
0007.jpg,0033.jpg,2653.8,1508.53,2606.37,1503.08,188,189,191
0007.jpg,0034.jpg,2550.32,2776.85,2486.15,2780.65,205,206,208
0007.jpg,0035.jpg,1479.01,1678.48,1451.86,1680.08,191,192,194
0007.jpg,0036.jpg,2550.32,2776.85,2483.37,2780.57,205,206,208
0007.jpg,0037.jpg,1479.01,1678.48,1451.8,1680.48,191,192,194
0007.jpg,0038.jpg,2019.09,1442.8,1974.12,1442.92,173,174,176
0007.jpg,0039.jpg,2302.06,1642.53,2254.35,1642.71,251,253,252
0007.jpg,0040.jpg,2550.32,2776.85,2480.55,2780.01,205,206,208
0008.jpg,0001.jpg,2122.1,2428.73,2125.82,2428.91,165,166,168
0008.jpg,0002.jpg,1450.8,1670.57,1455.95,1670.94,166,167,169
0008.jpg,0003.jpg,1450.8,1670.57,1455.22,1670.96,166,167,169
0008.jpg,0004.jpg,1748.57,2782.04,1752.73,2781.91,238,239,241
0008.jpg,0005.jpg,1658.32,2009.05,1661.21,2008.85,226,227,229
0008.jpg,0006.jpg,1748.57,2782.04,1751.81,2781.97,238,239,241
0008.jpg,0007.jpg,1748.57,2782.04,1750.63,2782.1,238,239,241
0008.jpg,0009.jpg,1748.57,2782.04,1746.77,2781.78,238,239,241
0008.jpg,0010.jpg,2289.98,2648.93,2287.47,2649.33,220,222,221
0008.jpg,0011.jpg,2206.14,1458.34,2201.54,1459.03,254,255,255
0008.jpg,0012.jpg,2123.16,1537.35,2119.01,1537.79,243,244,246
0008.jpg,0013.jpg,1719.68,2012.69,1710.58,2012.51,248,249,251
0008.jpg,0014.jpg,2091.19,2430.35,2080.92,2430.49,187,188,190
0008.jpg,0015.jpg,2771.79,2695.76,2764.59,2696.97,205,206,208
0008.jpg,0016.jpg,2711.86,1679.11,2704.25,1678.75,185,189,192
0008.jpg,0017.jpg,2214.93,2663.7,2201.4,2663.05,226,227,229
0008.jpg,0018.jpg,2659.05,1586.36,2647.66,1585.28,217,218,220
0008.jpg,0019.jpg,2094.7,1422.65,2075.81,1422.75,64,64,64
0008.jpg,0020.jpg,2234.07,1564.02,2214.48,1563.26,215,217,216
0008.jpg,0021.jpg,2532.61,2564.15,2504.6,2565.37,229,230,232
0008.jpg,0022.jpg,2794.47,2524.69,2766.28,2526.88,138,139,141
0008.jpg,0023.jpg,2094.7,1422.65,2067.62,1422.77,64,64,64
0008.jpg,0024.jpg,1627.38,2788.3,1583.24,2785.2,73,73,73
0008.jpg,0025.jpg,2094.7,1422.65,2063.42,1422.54,64,64,64
0008.jpg,0026.jpg,1996.06,1470.44,1966.42,1471.44,250,252,251
0008.jpg,0027.jpg,2159.21,2778.7,2125.14,2779.09,243,242,247
0008.jpg,0028.jpg,2794.47,2524.69,2739.8,2527.76,138,139,141
0008.jpg,0029.jpg,2358.51,2784.08,2316.06,2785.97,64,64,64
0008.jpg,0030.jpg,2629.9,2776.23,2582.65,2780.5,253,254,255
0008.jpg,0031.jpg,2629.9,2776.23,2580.36,2780.73,253,254,255
0008.jpg,0032.jpg,1533.44,2658.06,1490.76,2654.04,225,225,225
0008.jpg,0033.jpg,1502.79,2673.79,1459.87,2669.34,200,201,203
0008.jpg,0034.jpg,2358.83,2785.82,2308.47,2787.85,64,64,64
0008.jpg,0035.jpg,1520.0,2108.6,1483.18,2109.27,221,222,226
0008.jpg,0036.jpg,2647.93,1484.6,2596.03,1480.81,227,228,230
0008.jpg,0037.jpg,2578.64,2740.56,2518.63,2744.97,195,196,198
0008.jpg,0038.jpg,2788.65,1443.29,2726.74,1434.56,116,117,121
0008.jpg,0039.jpg,2478.02,2475.4,2417.48,2477.63,209,210,212
0008.jpg,0040.jpg,1861.99,1723.33,1815.77,1726.78,195,197,196
0009.jpg,0001.jpg,2173.92,1802.88,2179.11,1803.17,182,183,185
0009.jpg,0002.jpg,2232.97,1563.59,2237.7,1564.07,235,236,238
0009.jpg,0003.jpg,1784.54,1577.33,1791.37,1578.68,223,224,226
0009.jpg,0004.jpg,2341.45,2422.02,2344.99,2421.75,219,220,222
0009.jpg,0005.jpg,1793.57,1918.14,1797.87,1917.95,246,248,247
0009.jpg,0006.jpg,2217.16,2567.76,2218.94,2566.74,254,255,255
0009.jpg,0007.jpg,2312.43,2499.53,2314.16,2499.59,239,240,242
0009.jpg,0008.jpg,2503.82,1884.51,2505.11,1885.05,245,246,248
0009.jpg,0010.jpg,1784.54,1577.33,1782.64,1577.73,223,224,226
0009.jpg,0011.jpg,2603.33,2729.92,2601.27,2731.17,177,178,180
0009.jpg,0012.jpg,2217.16,2567.76,2212.2,2567.21,254,255,255
0009.jpg,0013.jpg,2202.07,2608.32,2196.12,2607.51,224,224,226
0009.jpg,0014.jpg,2035.86,2774.88,2027.15,2775.82,137,141,142
0009.jpg,0015.jpg,2587.03,2768.85,2578.41,2770.57,215,216,218
0009.jpg,0016.jpg,1784.54,1577.33,1769.9,1578.14,223,224,226
0009.jpg,0017.jpg,2049.85,2377.04,2034.05,2377.12,254,255,255
0009.jpg,0018.jpg,2158.52,2778.66,2143.71,2778.78,222,223,225
0009.jpg,0019.jpg,2158.52,2778.66,2141.53,2778.98,222,223,225
0009.jpg,0020.jpg,1565.55,1422.02,1549.9,1423.97,63,63,63
0009.jpg,0021.jpg,1956.14,1429.13,1936.63,1429.52,248,249,251
0009.jpg,0022.jpg,2241.23,1539.63,2218.29,1538.8,254,255,255
0009.jpg,0023.jpg,2637.94,2753.3,2610.71,2756.45,240,242,241
0009.jpg,0024.jpg,2158.52,2778.66,2131.1,2778.9,222,223,225
0009.jpg,0025.jpg,1810.55,2782.17,1767.52,2780.12,210,211,213
0009.jpg,0026.jpg,2271.93,1669.56,2241.24,1668.2,197,198,200
0009.jpg,0027.jpg,2766.89,2109.53,2729.19,2109.58,230,231,233
0009.jpg,0028.jpg,2631.0,2739.61,2590.93,2742.68,237,238,240
0009.jpg,0029.jpg,2166.33,2786.06,2130.29,2786.23,64,64,64
0009.jpg,0030.jpg,1574.59,2005.95,1542.76,2007.7,192,193,195
0009.jpg,0031.jpg,2158.52,2778.66,2119.5,2779.25,222,223,225
0009.jpg,0032.jpg,2637.94,2753.3,2586.85,2757.96,240,242,241
0009.jpg,0033.jpg,1484.77,1695.42,1458.49,1699.77,101,102,104
0009.jpg,0034.jpg,1484.77,1695.42,1460.19,1698.52,101,102,104
0009.jpg,0035.jpg,2637.94,2753.3,2581.49,2759.04,240,242,241
0009.jpg,0036.jpg,2275.21,1663.21,2228.9,1662.62,247,249,248
0009.jpg,0037.jpg,2598.21,2776.84,2539.32,2781.28,232,233,235
0009.jpg,0038.jpg,2008.15,1438.61,1974.12,1442.92,80,82,81
0009.jpg,0039.jpg,2598.21,2776.84,2539.88,2780.66,232,233,235
0009.jpg,0040.jpg,2598.21,2776.84,2539.42,2780.85,232,233,235
0010.jpg,0001.jpg,2076.85,2396.16,2084.66,2395.9,161,162,164
0010.jpg,0002.jpg,1561.92,2234.12,1570.26,2234.18,206,207,209
0010.jpg,0003.jpg,1593.85,2559.01,1603.11,2559.26,250,251,253
0010.jpg,0004.jpg,2358.73,1915.01,2364.71,1915.26,195,196,198
0010.jpg,0005.jpg,2647.02,1484.74,2649.04,1484.96,200,201,203
0010.jpg,0006.jpg,2647.02,1484.74,2648.75,1485.48,200,201,203
0010.jpg,0007.jpg,2147.6,1494.58,2151.23,1494.81,215,217,216
0010.jpg,0008.jpg,2206.79,1787.79,2210.08,1788.29,126,127,129
0010.jpg,0009.jpg,2503.17,1884.84,2503.82,1884.51,242,243,245
0010.jpg,0011.jpg,1456.16,2524.43,1453.18,2524.47,228,229,231
0010.jpg,0012.jpg,2647.02,1484.74,2644.87,1484.84,200,201,203
0010.jpg,0013.jpg,1509.32,2103.49,1503.87,2103.42,133,134,136
0010.jpg,0014.jpg,2637.93,1505.3,2633.05,1504.25,222,223,225
0010.jpg,0015.jpg,2157.33,2778.64,2149.24,2778.69,222,223,225
0010.jpg,0016.jpg,2647.02,1484.74,2639.17,1483.71,200,201,203
0010.jpg,0017.jpg,1774.93,2068.23,1759.66,2065.67,239,240,242
0010.jpg,0018.jpg,1795.03,2767.19,1772.57,2765.93,243,244,246
0010.jpg,0019.jpg,2144.73,2576.83,2126.86,2577.42,184,186,183
0010.jpg,0020.jpg,2231.36,1564.1,2214.48,1563.26,227,228,230
0010.jpg,0021.jpg,2212.92,2664.3,2192.53,2664.12,250,251,253
0010.jpg,0022.jpg,1646.72,2782.61,1613.55,2780.91,227,228,232
0010.jpg,0023.jpg,2157.33,2778.64,2133.13,2778.87,222,223,225
0010.jpg,0024.jpg,2647.02,1484.74,2621.23,1482.78,200,201,203
0010.jpg,0025.jpg,2157.33,2778.64,2129.43,2778.53,222,223,225
0010.jpg,0026.jpg,2596.7,2777.07,2562.61,2779.85,220,221,223
0010.jpg,0027.jpg,2576.4,2740.4,2537.97,2743.53,216,217,219
0010.jpg,0028.jpg,2370.07,2786.03,2332.01,2788.24,64,64,64
0010.jpg,0029.jpg,2576.4,2740.4,2531.81,2744.16,216,217,219
0010.jpg,0030.jpg,2370.07,2786.03,2328.44,2788.59,64,64,64
0010.jpg,0031.jpg,2647.02,1484.74,2604.12,1481.85,200,201,203
0010.jpg,0032.jpg,2463.66,2217.1,2401.95,2218.0,214,215,217
0010.jpg,0033.jpg,1489.15,1441.8,1473.21,1446.86,226,227,229
0010.jpg,0034.jpg,2515.3,1430.49,2462.02,1427.64,210,211,213
0010.jpg,0035.jpg,2648.85,1496.2,2599.32,1492.4,228,229,231
0010.jpg,0036.jpg,2647.02,1484.74,2596.03,1480.81,200,201,203
0010.jpg,0037.jpg,1475.26,1678.75,1451.8,1680.48,207,209,208
0010.jpg,0038.jpg,1756.47,1888.47,1718.04,1888.05,244,245,247
0010.jpg,0039.jpg,1646.72,2782.61,1592.79,2778.75,227,228,232
0010.jpg,0040.jpg,2647.02,1484.74,2593.87,1480.8,200,201,203
0011.jpg,0001.jpg,1678.05,2659.17,1690.02,2659.81,255,255,255
0011.jpg,0002.jpg,2172.88,2558.04,2180.44,2557.07,160,161,163
0011.jpg,0003.jpg,1825.97,2082.03,1835.38,2082.13,146,148,147
0011.jpg,0004.jpg,1603.08,2241.08,1612.85,2242.31,205,206,208
0011.jpg,0005.jpg,2498.44,2219.18,2505.27,2219.17,241,242,244
0011.jpg,0006.jpg,2647.78,1495.96,2649.83,1496.97,246,247,249
0011.jpg,0007.jpg,1706.64,2780.85,1714.09,2781.03,235,236,238
0011.jpg,0008.jpg,2510.56,1536.11,2513.22,1537.34,244,245,247
0011.jpg,0009.jpg,2765.54,2110.66,2766.89,2109.53,230,231,233
0011.jpg,0010.jpg,2510.56,1536.11,2511.66,1536.59,244,245,247
0011.jpg,0012.jpg,2203.6,1804.22,2200.98,1804.16,216,218,217
0011.jpg,0013.jpg,1978.67,1542.74,1975.83,1542.24,235,236,238
0011.jpg,0014.jpg,2004.4,1447.04,1997.79,1446.63,219,220,222
0011.jpg,0015.jpg,1597.3,2013.32,1589.35,2014.18,241,242,244
0011.jpg,0016.jpg,1462.0,2712.98,1450.16,2711.92,93,94,98
0011.jpg,0017.jpg,2136.07,1506.79,2126.09,1506.54,205,206,208
0011.jpg,0018.jpg,2203.6,1804.22,2186.17,1803.37,216,218,217
0011.jpg,0019.jpg,2544.49,2785.03,2525.89,2786.15,64,64,64
0011.jpg,0020.jpg,1647.98,2264.53,1629.64,2264.43,228,229,231
0011.jpg,0021.jpg,1460.25,1831.13,1441.06,1831.06,254,255,255
0011.jpg,0022.jpg,1734.44,2781.12,1702.85,2779.42,241,242,244
0011.jpg,0023.jpg,2700.36,1805.58,2679.65,1803.85,220,220,222
0011.jpg,0024.jpg,2785.54,2579.33,2754.23,2581.7,246,247,249
0011.jpg,0025.jpg,2090.85,1422.59,2063.42,1422.54,64,64,64
0011.jpg,0026.jpg,1840.85,2782.55,1797.59,2780.7,229,230,232
0011.jpg,0027.jpg,2785.54,2579.33,2746.0,2582.52,246,247,249
0011.jpg,0028.jpg,2785.54,2579.33,2741.52,2582.41,246,247,249
0011.jpg,0029.jpg,2785.54,2579.33,2738.86,2582.21,246,247,249
0011.jpg,0030.jpg,2522.2,2760.55,2471.43,2764.77,217,218,220
0011.jpg,0031.jpg,2647.78,1495.96,2607.35,1492.74,246,247,249
0011.jpg,0032.jpg,1486.77,1442.24,1474.61,1447.43,254,255,255
0011.jpg,0033.jpg,1744.45,1910.42,1710.26,1911.27,223,224,226
0011.jpg,0034.jpg,2582.49,2694.85,2528.3,2698.74,254,255,255
0011.jpg,0035.jpg,2292.13,1637.17,2248.53,1636.88,93,94,96
0011.jpg,0036.jpg,2647.78,1495.96,2598.41,1492.58,246,247,249
0011.jpg,0037.jpg,1571.08,1982.52,1541.08,1982.73,244,248,251
0011.jpg,0038.jpg,1788.51,2094.1,1750.62,2092.67,254,255,255
0011.jpg,0039.jpg,2619.72,1485.37,2567.57,1482.16,183,184,186
0011.jpg,0040.jpg,2595.75,2777.06,2539.42,2780.85,236,237,239
0012.jpg,0001.jpg,2440.98,2160.22,2453.3,2160.23,250,252,251
0012.jpg,0002.jpg,2212.2,2567.21,2219.9,2566.88,231,232,234
0012.jpg,0003.jpg,2069.81,2444.17,2079.49,2443.8,248,252,253
0012.jpg,0004.jpg,1891.66,1473.71,1899.12,1473.81,254,255,255
0012.jpg,0005.jpg,2154.54,2778.82,2161.52,2778.82,213,215,214
0012.jpg,0006.jpg,1446.68,1433.54,1456.19,1432.82,123,124,126
0012.jpg,0007.jpg,2117.3,1486.77,2123.64,1487.59,197,198,200
0012.jpg,0008.jpg,2119.01,1537.79,2123.16,1537.35,242,243,245
0012.jpg,0009.jpg,2023.55,1482.75,2028.76,1482.82,231,232,234
0012.jpg,0010.jpg,2154.54,2778.82,2157.33,2778.64,213,215,214
0012.jpg,0011.jpg,1507.9,2100.18,1509.12,2099.33,179,180,182
0012.jpg,0013.jpg,2495.99,2219.4,2494.46,2219.27,221,222,224
0012.jpg,0014.jpg,2686.36,2123.62,2683.28,2123.76,229,230,232
0012.jpg,0015.jpg,2023.55,1482.75,2019.91,1484.06,231,232,234
0012.jpg,0016.jpg,2419.25,1924.65,2411.26,1925.07,208,210,209
0012.jpg,0017.jpg,1539.13,2557.41,1526.46,2556.6,250,251,253
0012.jpg,0018.jpg,2097.98,2382.13,2086.32,2381.58,141,144,149
0012.jpg,0019.jpg,2154.54,2778.82,2141.53,2778.98,213,215,214
0012.jpg,0020.jpg,2023.55,1482.75,2009.7,1483.02,231,232,234
0012.jpg,0021.jpg,2758.44,2689.31,2740.44,2693.1,228,229,231
0012.jpg,0022.jpg,1838.16,1682.02,1815.51,1683.2,233,234,236
0012.jpg,0023.jpg,1446.68,1433.54,1434.25,1437.3,123,124,126
0012.jpg,0024.jpg,1899.09,2760.94,1864.15,2760.67,254,255,255
0012.jpg,0025.jpg,2758.44,2689.31,2728.89,2693.35,228,229,231
0012.jpg,0026.jpg,2255.84,1686.3,2227.0,1686.71,245,245,245
0012.jpg,0027.jpg,2194.5,2741.02,2166.28,2741.6,217,218,220
0012.jpg,0028.jpg,2574.19,2740.68,2535.56,2743.04,190,191,193
0012.jpg,0029.jpg,2623.68,1566.19,2588.53,1564.05,253,255,254
0012.jpg,0030.jpg,2086.97,1501.09,2055.15,1501.34,244,245,247
0012.jpg,0031.jpg,1504.38,2276.74,1476.98,2275.85,224,225,227
0012.jpg,0032.jpg,2184.41,2777.81,2148.23,2778.45,224,225,227
0012.jpg,0033.jpg,2658.68,1587.97,2616.55,1584.73,228,229,231
0012.jpg,0034.jpg,2623.52,1566.5,2577.86,1563.8,253,255,254
0012.jpg,0035.jpg,1601.86,1981.9,1572.51,1981.79,178,179,181
0012.jpg,0036.jpg,2649.1,1507.82,2602.13,1504.46,139,140,142
0012.jpg,0037.jpg,2649.1,1507.82,2599.72,1503.22,139,140,142
0012.jpg,0038.jpg,2520.82,2761.88,2458.25,2765.01,234,235,237
0012.jpg,0039.jpg,1794.47,2598.59,1745.98,2597.72,211,212,214
0012.jpg,0040.jpg,2644.87,1484.84,2593.87,1480.8,227,228,230
0013.jpg,0001.jpg,2793.21,2143.14,2798.94,2143.94,227,228,230
0013.jpg,0002.jpg,1788.77,2253.31,1802.77,2252.6,229,230,232
0013.jpg,0003.jpg,1777.65,1579.47,1791.37,1578.68,235,236,238
0013.jpg,0004.jpg,2318.36,2772.15,2329.54,2771.07,97,98,102
0013.jpg,0005.jpg,2152.58,2778.79,2161.52,2778.82,253,254,255
0013.jpg,0006.jpg,1447.25,1434.2,1456.19,1432.82,124,125,129
0013.jpg,0007.jpg,1774.94,2778.43,1787.93,2778.42,202,203,205
0013.jpg,0008.jpg,1777.65,1579.47,1787.22,1579.59,235,236,238
0013.jpg,0009.jpg,2427.36,1911.22,2432.9,1911.18,194,195,197
0013.jpg,0010.jpg,1659.33,2634.87,1666.14,2635.31,242,243,245
0013.jpg,0011.jpg,2456.33,2348.31,2459.56,2348.41,216,217,219
0013.jpg,0012.jpg,1442.49,1687.53,1444.17,1687.41,206,207,209
0013.jpg,0014.jpg,1632.27,2259.69,1629.89,2258.7,243,243,245
0013.jpg,0015.jpg,2090.01,2486.6,2086.19,2486.92,224,225,227
0013.jpg,0016.jpg,1593.17,2013.48,1586.72,2013.64,254,255,255
0013.jpg,0017.jpg,1788.77,2253.31,1778.97,2252.81,229,230,232
0013.jpg,0018.jpg,1787.3,1677.47,1776.45,1678.12,219,220,222
0013.jpg,0019.jpg,1447.25,1434.2,1436.65,1436.08,124,125,129
0013.jpg,0020.jpg,1537.03,2657.78,1519.55,2657.34,254,255,255
0013.jpg,0021.jpg,1834.49,1703.75,1816.73,1703.92,238,239,241
0013.jpg,0022.jpg,1537.03,2657.78,1515.59,2656.93,254,255,255
0013.jpg,0023.jpg,1447.25,1434.2,1434.25,1437.3,124,125,129
0013.jpg,0024.jpg,2730.14,2748.55,2704.27,2751.09,240,241,243
0013.jpg,0025.jpg,2318.36,2772.15,2291.34,2773.07,97,98,102
0013.jpg,0026.jpg,2157.51,2766.04,2131.54,2764.99,216,217,219
0013.jpg,0027.jpg,1447.25,1434.2,1435.2,1438.39,124,125,129
0013.jpg,0028.jpg,1476.0,2681.65,1448.84,2678.92,236,237,239
0013.jpg,0029.jpg,2743.71,1733.25,2710.84,1730.63,149,150,152
0013.jpg,0030.jpg,1632.27,2259.69,1604.6,2260.02,243,243,245
0013.jpg,0031.jpg,1447.25,1434.2,1435.76,1439.18,124,125,129
0013.jpg,0032.jpg,2592.59,2777.77,2545.72,2781.35,224,225,227
0013.jpg,0033.jpg,1535.75,1427.76,1522.5,1431.88,221,222,224
0013.jpg,0034.jpg,2157.51,2766.04,2120.35,2764.69,216,217,219
0013.jpg,0035.jpg,2592.59,2777.77,2540.52,2781.71,224,225,227
0013.jpg,0036.jpg,2160.64,2786.02,2121.9,2786.17,64,64,64
0013.jpg,0037.jpg,2157.51,2766.04,2118.06,2764.18,216,217,219
0013.jpg,0038.jpg,2513.01,2394.83,2440.9,2396.17,254,255,255
0013.jpg,0039.jpg,2157.51,2766.04,2116.82,2764.42,216,217,219
0013.jpg,0040.jpg,1783.43,2094.59,1749.63,2094.11,232,233,235
0014.jpg,0001.jpg,1478.32,2565.83,1499.06,2567.02,249,250,252
0014.jpg,0002.jpg,2009.93,1465.49,2023.04,1465.93,229,230,232
0014.jpg,0003.jpg,1812.8,2119.74,1827.07,2119.2,247,248,250
0014.jpg,0004.jpg,2752.81,1707.76,2758.25,1708.71,247,248,250
0014.jpg,0005.jpg,2095.49,2516.68,2108.01,2516.71,221,225,228
0014.jpg,0006.jpg,2752.81,1707.76,2758.16,1709.22,247,248,250
0014.jpg,0007.jpg,2027.15,2775.82,2038.95,2774.76,164,165,169
0014.jpg,0008.jpg,2752.81,1707.76,2757.73,1709.02,247,248,250
0014.jpg,0009.jpg,2027.15,2775.82,2035.86,2774.88,164,165,169
0014.jpg,0010.jpg,2214.8,1624.37,2220.59,1624.87,154,155,157
0014.jpg,0011.jpg,1456.67,2691.11,1463.51,2692.82,251,252,255
0014.jpg,0012.jpg,1788.23,2643.42,1793.47,2642.44,217,218,220
0014.jpg,0013.jpg,1757.14,2098.28,1758.8,2098.4,254,255,255
0014.jpg,0015.jpg,2792.15,2778.6,2790.89,2778.91,234,236,235
0014.jpg,0016.jpg,2199.49,2751.4,2195.41,2751.83,202,203,205
0014.jpg,0017.jpg,2214.8,1624.37,2211.09,1625.11,154,155,157
0014.jpg,0018.jpg,2776.69,2747.59,2770.67,2747.76,212,213,215
0014.jpg,0019.jpg,1812.8,2119.74,1802.48,2120.31,247,248,250
0014.jpg,0020.jpg,2027.15,2775.82,2012.91,2775.58,164,165,169
0014.jpg,0021.jpg,1734.99,2781.21,1714.94,2780.02,215,216,218
0014.jpg,0022.jpg,2009.93,1465.49,1994.89,1465.11,229,230,232
0014.jpg,0023.jpg,2199.49,2751.4,2181.3,2751.72,202,203,205
0014.jpg,0024.jpg,1981.2,1481.07,1962.15,1481.8,244,246,245
0014.jpg,0025.jpg,2689.68,2066.53,2660.8,2066.36,249,250,252
0014.jpg,0026.jpg,1586.65,1897.11,1567.11,1895.54,234,235,237
0014.jpg,0027.jpg,2260.01,1652.76,2233.93,1652.69,252,253,255
0014.jpg,0028.jpg,1591.2,2013.65,1569.45,2014.35,254,255,255
0014.jpg,0029.jpg,1734.99,2781.21,1696.1,2779.08,215,216,218
0014.jpg,0030.jpg,2516.67,2763.38,2471.43,2764.77,221,222,224
0014.jpg,0031.jpg,2002.16,1438.4,1972.06,1439.83,129,130,132
0014.jpg,0032.jpg,1997.79,1446.63,1968.63,1448.04,254,255,255
0014.jpg,0033.jpg,1485.43,1443.51,1473.21,1446.86,234,235,237
0014.jpg,0034.jpg,1569.24,2113.04,1544.01,2111.53,220,221,223
0014.jpg,0035.jpg,2002.16,1438.4,1976.75,1444.66,129,130,132
0014.jpg,0036.jpg,1495.66,1820.33,1477.11,1820.72,226,227,229
0014.jpg,0037.jpg,1629.62,1964.35,1603.77,1964.06,236,238,237
0014.jpg,0038.jpg,1456.67,2691.11,1428.52,2688.09,251,252,255
0014.jpg,0039.jpg,1993.85,1464.87,1961.25,1465.57,171,172,174
0014.jpg,0040.jpg,2637.01,2669.37,2582.9,2672.32,212,213,215
0015.jpg,0001.jpg,2091.73,2699.21,2107.37,2699.54,227,228,230
0015.jpg,0002.jpg,2091.73,2699.21,2106.82,2698.72,227,228,230
0015.jpg,0003.jpg,2790.89,2778.91,2798.21,2776.74,233,234,236
0015.jpg,0004.jpg,1496.89,2526.99,1517.29,2528.18,182,183,185
0015.jpg,0005.jpg,1496.89,2526.99,1517.96,2527.42,182,183,185
0015.jpg,0006.jpg,2091.73,2699.21,2105.08,2699.43,227,228,230
0015.jpg,0007.jpg,1516.68,2222.7,1532.0,2223.27,254,255,255
0015.jpg,0008.jpg,2790.89,2778.91,2796.82,2777.19,233,234,236
0015.jpg,0009.jpg,2739.77,2683.98,2746.89,2683.57,192,193,195
0015.jpg,0010.jpg,2125.86,1529.94,2133.94,1531.25,246,247,249
0015.jpg,0011.jpg,2760.65,2100.17,2765.74,2099.67,242,243,245
0015.jpg,0012.jpg,1889.85,2762.03,1899.09,2760.94,210,211,213
0015.jpg,0013.jpg,2224.47,1563.47,2228.41,1563.19,244,248,251
0015.jpg,0014.jpg,1527.07,2037.09,1528.77,2037.37,243,244,246
0015.jpg,0016.jpg,1527.07,2037.09,1525.81,2036.99,243,244,246
0015.jpg,0017.jpg,1527.07,2037.09,1523.32,2037.35,243,244,246
0015.jpg,0018.jpg,1527.07,2037.09,1521.16,2037.39,243,244,246
0015.jpg,0019.jpg,1516.68,2222.7,1508.19,2222.72,254,255,255
0015.jpg,0020.jpg,1516.68,2222.7,1506.13,2222.17,254,255,255
0015.jpg,0021.jpg,2091.73,2699.21,2079.27,2700.37,227,228,230
0015.jpg,0022.jpg,1516.68,2222.7,1503.07,2222.31,254,255,255
0015.jpg,0023.jpg,1942.57,1471.93,1927.62,1472.75,225,226,228
0015.jpg,0024.jpg,1598.16,1990.37,1582.51,1990.34,236,238,237
0015.jpg,0025.jpg,1583.05,1921.96,1566.43,1923.51,217,219,218
0015.jpg,0026.jpg,2172.69,2555.05,2148.79,2555.67,254,255,255
0015.jpg,0027.jpg,1431.11,1436.07,1422.36,1439.59,64,64,64
0015.jpg,0028.jpg,2242.69,2728.4,2215.73,2728.96,230,232,231
0015.jpg,0029.jpg,1547.58,2242.3,1526.08,2242.03,196,197,199
0015.jpg,0030.jpg,1747.48,2080.17,1723.09,2079.6,182,184,183
0015.jpg,0031.jpg,2644.91,1495.82,2607.35,1492.74,240,241,243
0015.jpg,0032.jpg,1501.82,2112.46,1479.17,2112.87,222,223,225
0015.jpg,0033.jpg,1985.74,1470.85,1958.66,1471.82,237,238,240
0015.jpg,0034.jpg,2154.08,2764.6,2120.35,2764.69,240,241,243
0015.jpg,0035.jpg,2578.41,2770.57,2529.42,2773.63,213,214,216
0015.jpg,0036.jpg,1985.74,1470.85,1956.96,1472.57,237,238,240
0015.jpg,0037.jpg,1488.43,1538.78,1479.77,1542.81,254,255,255
0015.jpg,0038.jpg,2478.43,2466.56,2426.17,2468.48,211,212,214
0015.jpg,0039.jpg,2242.69,2728.4,2204.43,2729.35,230,232,231
0015.jpg,0040.jpg,2578.41,2770.57,2525.92,2774.53,213,214,216
0016.jpg,0001.jpg,2430.99,2159.96,2453.3,2160.23,251,252,254
0016.jpg,0002.jpg,2642.88,2245.69,2658.07,2246.72,235,236,238
0016.jpg,0003.jpg,1470.94,1441.15,1487.27,1440.04,232,233,237
0016.jpg,0004.jpg,1936.4,1471.68,1950.66,1472.28,254,255,255
0016.jpg,0005.jpg,1728.44,2781.12,1752.42,2782.24,226,227,229
0016.jpg,0006.jpg,2240.38,1449.21,2254.21,1449.62,243,244,246
0016.jpg,0007.jpg,2147.81,2778.82,2160.05,2778.65,241,242,244
0016.jpg,0008.jpg,2430.99,2159.96,2447.93,2160.61,251,252,254
0016.jpg,0009.jpg,1470.94,1441.15,1481.55,1440.32,232,233,237
0016.jpg,0010.jpg,2379.53,1814.23,2390.84,1813.97,210,211,213
0016.jpg,0011.jpg,2147.81,2778.82,2155.82,2778.82,241,242,244
0016.jpg,0012.jpg,2377.61,1883.22,2385.76,1884.44,237,238,240
0016.jpg,0013.jpg,2379.53,1814.23,2386.73,1814.16,210,211,213
0016.jpg,0014.jpg,2147.81,2778.82,2151.16,2779.08,241,242,244
0016.jpg,0015.jpg,2377.61,1883.22,2379.77,1883.35,237,238,240
0016.jpg,0017.jpg,2708.73,2117.87,2706.24,2118.62,213,215,214
0016.jpg,0018.jpg,1470.94,1441.15,1465.14,1440.98,232,233,237
0016.jpg,0019.jpg,1470.94,1441.15,1466.0,1441.73,232,233,237
0016.jpg,0020.jpg,2135.62,2482.02,2125.74,2481.95,239,240,242
0016.jpg,0021.jpg,2194.25,2541.86,2183.06,2541.21,216,217,219
0016.jpg,0022.jpg,2787.12,1427.34,2772.72,1425.46,220,221,223
0016.jpg,0023.jpg,1538.69,2023.71,1526.14,2023.86,235,237,236
0016.jpg,0024.jpg,2194.25,2541.86,2176.19,2541.34,216,217,219
0016.jpg,0025.jpg,2491.18,1593.59,2469.46,1593.09,239,240,242
0016.jpg,0026.jpg,1829.08,1683.18,1807.94,1684.05,219,220,222
0016.jpg,0027.jpg,1474.48,1592.08,1462.08,1594.37,252,253,255
0016.jpg,0028.jpg,1470.94,1441.15,1463.61,1444.7,232,233,237
0016.jpg,0029.jpg,2697.79,2114.52,2661.58,2114.54,233,234,236
0016.jpg,0030.jpg,1866.36,2656.49,1831.14,2655.21,247,248,250
0016.jpg,0031.jpg,1470.94,1441.15,1465.45,1445.0,232,233,237
0016.jpg,0032.jpg,1829.08,1683.18,1800.42,1684.61,219,220,222
0016.jpg,0033.jpg,1718.31,2335.31,1692.84,2334.18,228,229,231
0016.jpg,0034.jpg,1946.17,1429.02,1921.49,1429.76,194,196,195
0016.jpg,0035.jpg,1946.17,1429.02,1920.59,1429.92,194,196,195
0016.jpg,0036.jpg,2557.78,1894.01,2513.95,1893.86,215,216,218
0016.jpg,0037.jpg,2639.17,1483.71,2594.93,1480.56,243,244,246
0016.jpg,0038.jpg,1946.17,1429.02,1919.63,1430.11,194,196,195
0016.jpg,0039.jpg,2587.15,2778.29,2539.88,2780.66,244,245,247
0016.jpg,0040.jpg,1470.94,1441.15,1465.74,1445.22,232,233,237
0017.jpg,0001.jpg,1465.14,1440.75,1479.94,1437.69,253,254,255
0017.jpg,0002.jpg,2032.67,2777.74,2054.77,2778.22,243,244,246
0017.jpg,0003.jpg,1817.62,2685.39,1845.73,2685.07,254,255,255
0017.jpg,0004.jpg,2573.53,2606.67,2592.14,2606.35,254,255,255
0017.jpg,0005.jpg,1724.3,2780.76,1752.42,2782.24,234,235,237
0017.jpg,0006.jpg,1795.99,1427.91,1813.24,1427.14,218,219,221
0017.jpg,0007.jpg,1505.67,2075.5,1524.34,2076.43,238,239,241
0017.jpg,0008.jpg,2201.4,2663.05,2214.93,2663.7,245,246,248
0017.jpg,0009.jpg,2034.05,2377.12,2049.85,2377.04,252,254,253
0017.jpg,0010.jpg,1724.3,2780.76,1744.17,2781.95,234,235,237
0017.jpg,0011.jpg,2706.24,2118.62,2716.64,2119.03,252,253,255
0017.jpg,0012.jpg,2107.35,2552.93,2117.39,2552.81,253,254,255
0017.jpg,0013.jpg,2082.83,1449.26,2089.98,1449.4,227,228,230
0017.jpg,0014.jpg,1649.95,2717.61,1659.12,2717.51,233,234,236
0017.jpg,0015.jpg,2330.88,2646.35,2334.56,2646.72,254,255,255
0017.jpg,0016.jpg,1636.09,2786.91,1639.17,2787.09,62,62,62
0017.jpg,0018.jpg,2281.29,1724.74,2279.51,1725.2,201,202,204
0017.jpg,0019.jpg,2195.22,2759.01,2191.72,2759.33,154,155,157
0017.jpg,0020.jpg,1465.14,1440.75,1461.94,1440.98,253,254,255
0017.jpg,0021.jpg,2183.47,2508.98,2173.57,2509.35,164,165,167
0017.jpg,0022.jpg,1753.26,2286.6,1743.0,2285.49,201,202,204
0017.jpg,0023.jpg,1826.2,1683.42,1813.22,1683.49,233,235,234
0017.jpg,0024.jpg,2502.07,1516.28,2485.21,1515.1,215,216,218
0017.jpg,0025.jpg,1536.98,1749.08,1527.14,1749.97,232,233,235
0017.jpg,0026.jpg,2356.82,2784.93,2334.76,2785.87,64,64,64
0017.jpg,0027.jpg,2109.71,1636.48,2089.67,1636.76,250,251,253
0017.jpg,0028.jpg,1826.2,1683.42,1805.48,1684.58,233,235,234
0017.jpg,0029.jpg,2201.4,2663.05,2175.96,2663.36,245,246,248
0017.jpg,0030.jpg,2339.64,2778.1,2309.45,2778.83,245,246,248
0017.jpg,0031.jpg,2685.09,1592.83,2653.23,1589.82,146,147,149
0017.jpg,0032.jpg,2600.79,2667.71,2560.84,2671.36,245,246,248
0017.jpg,0033.jpg,1795.99,1427.91,1775.32,1429.1,218,219,221
0017.jpg,0034.jpg,1826.2,1683.42,1799.33,1684.86,233,235,234
0017.jpg,0035.jpg,2453.04,2405.14,2398.54,2406.26,251,252,254
0017.jpg,0036.jpg,2562.31,2724.44,2515.93,2726.5,243,244,246
0017.jpg,0037.jpg,2150.45,2764.58,2118.06,2764.18,234,235,237
0017.jpg,0038.jpg,2321.51,2428.56,2278.42,2428.63,167,168,170
0017.jpg,0039.jpg,1472.85,1592.18,1461.97,1595.66,235,236,238
0017.jpg,0040.jpg,2013.91,1501.99,1986.54,1502.63,225,225,225
0018.jpg,0001.jpg,1552.15,2103.93,1576.04,2104.02,163,164,166
0018.jpg,0002.jpg,2185.02,2756.63,2203.57,2755.08,249,250,252
0018.jpg,0003.jpg,2096.12,2558.8,2117.57,2558.46,249,250,252
0018.jpg,0004.jpg,2143.71,2778.78,2161.76,2778.72,253,254,255
0018.jpg,0005.jpg,1944.0,1429.04,1962.13,1428.33,230,231,233
0018.jpg,0006.jpg,1466.88,1789.21,1487.58,1788.56,229,230,232
0018.jpg,0007.jpg,2272.11,2677.06,2286.87,2678.13,95,96,100
0018.jpg,0008.jpg,2188.15,1788.23,2210.08,1788.29,177,178,180
0018.jpg,0009.jpg,2143.71,2778.78,2158.52,2778.66,253,254,255
0018.jpg,0010.jpg,2143.71,2778.78,2157.33,2778.64,253,254,255
0018.jpg,0011.jpg,1764.41,2081.01,1778.6,2080.88,253,254,255
0018.jpg,0012.jpg,1758.02,1579.07,1771.79,1579.44,144,145,147
0018.jpg,0013.jpg,2143.71,2778.78,2152.58,2778.79,253,254,255
0018.jpg,0014.jpg,1521.16,2037.39,1528.77,2037.37,234,235,237
0018.jpg,0015.jpg,2143.71,2778.78,2149.24,2778.69,253,254,255
0018.jpg,0016.jpg,2055.02,1428.73,2059.45,1428.85,240,241,243
0018.jpg,0017.jpg,1546.92,2047.62,1548.99,2048.51,228,229,231
0018.jpg,0019.jpg,2143.71,2778.78,2141.53,2778.98,253,254,255
0018.jpg,0020.jpg,1758.02,1579.07,1753.38,1579.58,144,145,147
0018.jpg,0021.jpg,1758.02,1579.07,1750.94,1579.31,144,145,147
0018.jpg,0022.jpg,1510.48,2222.48,1503.07,2222.31,246,248,247
0018.jpg,0023.jpg,2143.71,2778.78,2133.13,2778.87,253,254,255
0018.jpg,0024.jpg,2143.71,2778.78,2131.1,2778.9,253,254,255
0018.jpg,0025.jpg,1979.75,1470.74,1967.35,1471.16,221,222,224
0018.jpg,0026.jpg,1629.72,1981.44,1618.03,1981.29,247,248,250
0018.jpg,0027.jpg,1979.75,1470.74,1964.54,1471.46,221,222,224
0018.jpg,0028.jpg,1454.57,1440.47,1449.86,1442.9,241,242,244
0018.jpg,0029.jpg,1897.93,1476.72,1881.27,1478.66,222,223,225
0018.jpg,0030.jpg,1897.93,1476.72,1881.4,1478.02,222,223,225
0018.jpg,0031.jpg,2143.71,2778.78,2119.5,2779.25,253,254,255
0018.jpg,0032.jpg,2197.07,1558.64,2169.6,1558.02,254,255,255
0018.jpg,0033.jpg,1979.75,1470.74,1958.66,1471.82,221,222,224
0018.jpg,0034.jpg,1944.0,1429.04,1921.49,1429.76,230,231,233
0018.jpg,0035.jpg,1552.15,2103.93,1534.94,2104.89,163,164,166
0018.jpg,0036.jpg,1979.75,1470.74,1956.96,1472.57,221,222,224
0018.jpg,0037.jpg,1897.93,1476.72,1874.57,1477.59,222,223,225
0018.jpg,0038.jpg,2743.31,2712.44,2696.6,2716.2,202,203,205
0018.jpg,0039.jpg,1944.0,1429.04,1919.53,1430.02,230,231,233
0018.jpg,0040.jpg,1807.81,1687.05,1781.93,1688.48,219,220,222
0019.jpg,0001.jpg,2634.27,1494.9,2651.16,1496.9,248,249,251
0019.jpg,0002.jpg,2661.2,2177.79,2681.55,2177.52,254,255,255
0019.jpg,0003.jpg,2716.26,1762.38,2728.94,1763.97,223,223,225
0019.jpg,0004.jpg,1673.08,2712.93,1705.41,2714.18,233,234,236
0019.jpg,0005.jpg,2141.53,2778.98,2161.52,2778.82,217,218,220
0019.jpg,0006.jpg,2716.26,1762.38,2728.11,1764.07,223,223,225
0019.jpg,0007.jpg,2122.7,2538.3,2148.33,2501.91,165,166,168
0019.jpg,0008.jpg,1902.15,1439.37,1920.53,1439.22,254,255,255
0019.jpg,0009.jpg,2141.53,2778.98,2158.52,2778.66,217,218,220
0019.jpg,0010.jpg,2141.53,2778.98,2157.33,2778.64,217,218,220
0019.jpg,0011.jpg,2539.41,1563.14,2553.44,1563.68,249,250,252
0019.jpg,0012.jpg,2177.93,1807.91,2196.13,1808.04,180,181,183
0019.jpg,0013.jpg,2661.2,2177.79,2673.98,2178.25,254,255,255
0019.jpg,0014.jpg,2181.77,2740.85,2191.67,2741.21,242,243,245
0019.jpg,0015.jpg,2028.46,2366.62,2039.04,2366.46,204,204,206
0019.jpg,0016.jpg,1786.82,1671.23,1793.51,1671.16,244,245,247
0019.jpg,0017.jpg,2661.2,2177.79,2666.41,2177.27,254,255,255
0019.jpg,0018.jpg,1609.92,1962.51,1611.87,1962.53,149,150,152
0019.jpg,0020.jpg,2132.64,1570.7,2130.6,1570.9,193,194,196
0019.jpg,0021.jpg,1786.82,1671.23,1782.01,1670.97,244,245,247
0019.jpg,0022.jpg,2782.92,1735.1,2776.72,1734.47,198,199,201
0019.jpg,0023.jpg,1609.92,1962.51,1602.74,1962.56,149,150,152
0019.jpg,0024.jpg,2326.82,2645.63,2315.88,2647.17,252,253,255
0019.jpg,0025.jpg,1786.82,1671.23,1774.0,1671.86,244,245,247
0019.jpg,0026.jpg,2496.62,1541.53,2478.66,1540.21,215,216,218
0019.jpg,0027.jpg,2248.7,2673.36,2231.66,2674.2,233,234,236
0019.jpg,0028.jpg,2716.26,1762.38,2695.43,1761.0,223,223,225
0019.jpg,0029.jpg,1431.06,1629.78,1422.23,1631.4,252,254,253
0019.jpg,0030.jpg,2080.86,1538.96,2061.53,1538.95,228,229,231
0019.jpg,0031.jpg,2141.53,2778.98,2119.5,2779.25,217,218,220
0019.jpg,0032.jpg,2468.89,2467.02,2434.08,2467.7,217,218,220
0019.jpg,0033.jpg,2249.18,2638.87,2221.19,2639.03,149,151,150
0019.jpg,0034.jpg,1425.79,1632.74,1417.04,1634.96,63,63,63
0019.jpg,0035.jpg,2716.26,1762.38,2680.89,1761.73,223,223,225
0019.jpg,0036.jpg,1789.29,2727.04,1757.62,2725.41,219,220,222
0019.jpg,0037.jpg,2052.61,1428.82,2026.93,1429.23,225,227,226
0019.jpg,0038.jpg,2716.26,1762.38,2679.1,1760.69,223,223,225
0019.jpg,0039.jpg,2716.26,1762.38,2678.33,1760.8,223,223,225
0019.jpg,0040.jpg,1431.57,1584.27,1424.76,1586.59,151,152,154
0020.jpg,0001.jpg,1462.03,2564.88,1499.06,2567.02,189,190,192
0020.jpg,0002.jpg,2169.0,2778.11,2191.9,2777.73,224,226,225
0020.jpg,0003.jpg,2495.57,1528.95,2517.71,1531.44,247,248,250
0020.jpg,0004.jpg,2767.74,2130.99,2786.13,2130.51,232,233,235
0020.jpg,0005.jpg,1818.3,1902.38,1844.12,1899.86,254,255,255
0020.jpg,0006.jpg,2194.98,2662.64,2217.06,2663.24,237,238,240
0020.jpg,0007.jpg,1434.0,2666.76,1461.52,2668.85,206,207,209
0020.jpg,0008.jpg,1640.9,2634.71,1670.03,2635.48,248,249,251
0020.jpg,0009.jpg,2780.73,1734.9,2792.97,1735.04,244,245,247
0020.jpg,0010.jpg,2117.16,2498.63,2137.92,2498.56,230,231,233
0020.jpg,0011.jpg,1506.13,2222.17,1524.65,2223.1,251,253,252
0020.jpg,0012.jpg,1753.38,1579.58,1771.79,1579.44,190,191,193
0020.jpg,0013.jpg,1753.38,1579.58,1769.61,1578.54,190,191,193
0020.jpg,0014.jpg,2012.91,2775.58,2027.15,2775.82,191,192,196
0020.jpg,0015.jpg,1434.0,2666.76,1445.05,2667.71,206,207,209
0020.jpg,0016.jpg,2765.59,2749.21,2775.07,2746.92,247,248,250
0020.jpg,0017.jpg,2328.23,2747.25,2336.07,2747.54,253,254,255
0020.jpg,0018.jpg,2130.6,1570.9,2134.51,1570.81,211,212,214
0020.jpg,0019.jpg,2130.6,1570.9,2132.64,1570.7,211,212,214
0020.jpg,0021.jpg,1753.38,1579.58,1750.94,1579.31,190,191,193
0020.jpg,0022.jpg,1506.13,2222.17,1503.07,2222.31,251,253,252
0020.jpg,0023.jpg,1801.01,2112.8,1794.84,2112.92,156,157,159
0020.jpg,0024.jpg,1510.82,2228.98,1505.06,2228.84,153,155,154
0020.jpg,0025.jpg,1632.79,1745.82,1625.2,1746.86,230,231,233
0020.jpg,0026.jpg,2328.23,2747.25,2313.2,2748.81,253,254,255
0020.jpg,0027.jpg,2050.89,2403.19,2034.31,2402.17,252,252,252
0020.jpg,0028.jpg,2332.62,2778.89,2313.68,2779.57,244,245,247
0020.jpg,0029.jpg,1641.47,2706.78,1623.5,2704.75,220,221,223
0020.jpg,0030.jpg,2185.87,2541.72,2164.09,2541.55,214,215,217
0020.jpg,0031.jpg,2328.23,2747.25,2301.09,2748.77,253,254,255
0020.jpg,0032.jpg,2685.2,2160.83,2651.25,2160.9,231,232,234
0020.jpg,0033.jpg,1462.03,2564.88,1442.9,2563.35,189,190,192
0020.jpg,0034.jpg,2430.84,2586.36,2399.78,2586.98,255,255,255
0020.jpg,0035.jpg,2612.98,1475.87,2578.91,1474.21,233,234,236
0020.jpg,0036.jpg,1722.52,2647.23,1696.87,2644.59,226,227,229
0020.jpg,0037.jpg,2624.3,2670.18,2583.28,2672.22,219,220,222
0020.jpg,0038.jpg,1564.46,2051.99,1550.8,2050.27,206,207,209
0020.jpg,0039.jpg,1641.47,2706.78,1615.75,2704.59,220,221,223
0020.jpg,0040.jpg,1564.46,2051.99,1550.95,2051.77,206,207,209
0021.jpg,0001.jpg,1552.05,1815.64,1578.69,1814.18,210,211,213
0021.jpg,0002.jpg,2665.95,2780.78,2691.24,2778.2,172,173,175
0021.jpg,0003.jpg,2523.29,1520.14,2547.4,1521.35,245,246,248
0021.jpg,0004.jpg,2523.29,1520.14,2547.21,1522.05,245,246,248
0021.jpg,0005.jpg,2273.58,1667.28,2296.72,1666.93,245,246,248
0021.jpg,0006.jpg,2561.32,1495.25,2582.89,1497.3,228,229,231
0021.jpg,0007.jpg,2498.07,2763.62,2527.03,2762.44,254,255,255
0021.jpg,0008.jpg,2523.29,1520.14,2545.5,1522.65,245,246,248
0021.jpg,0009.jpg,2523.29,1520.14,2544.18,1522.28,245,246,248
0021.jpg,0010.jpg,2212.26,1562.96,2231.36,1564.1,223,224,226
0021.jpg,0011.jpg,2498.07,2763.62,2522.2,2760.55,254,255,255
0021.jpg,0012.jpg,2141.52,1567.64,2157.54,1567.28,251,252,254
0021.jpg,0013.jpg,2561.32,1495.25,2576.42,1497.02,228,229,231
0021.jpg,0014.jpg,2590.76,2682.39,2607.06,2681.11,219,220,222
0021.jpg,0015.jpg,2128.06,1494.3,2140.18,1494.41,227,228,230
0021.jpg,0016.jpg,1533.71,2154.12,1543.74,2153.53,218,219,221
0021.jpg,0017.jpg,2128.06,1494.3,2136.01,1493.76,227,228,230
0021.jpg,0018.jpg,2658.21,2514.8,2667.22,2514.41,211,212,214
0021.jpg,0019.jpg,2128.06,1494.3,2132.24,1494.12,227,228,230
0021.jpg,0020.jpg,2128.06,1494.3,2130.06,1494.16,227,228,230
0021.jpg,0022.jpg,1802.56,2132.81,1800.53,2132.8,244,246,245
0021.jpg,0023.jpg,2220.78,1614.61,2216.52,1615.0,140,141,143
0021.jpg,0024.jpg,2407.72,1932.83,2398.84,1932.57,204,208,207
0021.jpg,0025.jpg,2305.98,1694.55,2297.25,1694.05,206,207,209
0021.jpg,0026.jpg,2590.76,2682.39,2576.71,2683.48,219,220,222
0021.jpg,0027.jpg,2173.57,2509.35,2489.2,2268.87,125,126,128
0021.jpg,0028.jpg,1511.06,2107.01,1502.9,2107.2,236,237,239
0021.jpg,0029.jpg,1820.99,2741.93,1801.79,2740.8,244,245,247
0021.jpg,0030.jpg,2643.58,1555.71,2622.01,1555.7,219,220,222
0021.jpg,0031.jpg,2100.34,1984.71,2071.48,1984.3,167,171,172
0021.jpg,0032.jpg,1820.99,2741.93,1799.44,2740.47,244,245,247
0021.jpg,0033.jpg,2212.26,1562.96,2189.85,1562.96,223,224,226
0021.jpg,0034.jpg,2590.76,2682.39,2557.06,2684.11,219,220,222
0021.jpg,0035.jpg,2134.11,1567.84,2112.82,1568.24,202,203,205
0021.jpg,0036.jpg,1785.35,1694.69,1768.25,1696.3,246,247,249
0021.jpg,0037.jpg,1561.75,2081.53,1550.69,2079.9,211,211,211
0021.jpg,0038.jpg,1800.86,1687.58,1781.6,1688.2,206,207,209
0021.jpg,0039.jpg,2144.05,1536.17,2118.9,1533.74,222,224,223
0021.jpg,0040.jpg,2134.11,1567.84,2109.55,1568.71,202,203,205
0022.jpg,0001.jpg,2156.68,2488.1,2187.69,2487.69,231,231,231
0022.jpg,0002.jpg,2495.89,1508.98,2523.7,1511.34,231,232,234
0022.jpg,0003.jpg,1899.28,1441.98,1926.49,1440.94,238,238,240
0022.jpg,0004.jpg,2521.79,1521.39,2547.21,1522.05,253,254,255
0022.jpg,0005.jpg,1732.88,2087.92,1763.2,2086.91,249,251,250
0022.jpg,0006.jpg,1479.96,2638.71,1514.06,2641.29,242,243,245
0022.jpg,0007.jpg,1780.5,2726.82,1817.61,2728.64,248,249,251
0022.jpg,0008.jpg,2641.62,1555.67,2662.26,1556.18,239,240,242
0022.jpg,0009.jpg,1455.11,1669.91,1476.89,1668.57,163,164,166
0022.jpg,0010.jpg,2641.62,1555.67,2660.98,1557.19,239,240,242
0022.jpg,0011.jpg,2775.84,2115.96,2795.63,2116.47,232,233,235
0022.jpg,0012.jpg,1769.02,2598.46,1794.47,2598.59,232,233,235
0022.jpg,0013.jpg,2641.62,1555.67,2658.14,1557.59,239,240,242
0022.jpg,0014.jpg,1751.94,2767.47,1777.44,2768.69,137,138,140
0022.jpg,0015.jpg,2641.62,1555.67,2655.37,1557.22,239,240,242
0022.jpg,0016.jpg,1436.96,1683.86,1447.12,1681.7,226,227,229
0022.jpg,0017.jpg,1570.77,1923.46,1579.39,1922.19,226,227,229
0022.jpg,0018.jpg,1899.28,1441.98,1905.61,1440.61,238,238,240
0022.jpg,0019.jpg,2094.46,2576.0,2101.37,2576.11,205,205,205
0022.jpg,0020.jpg,2641.62,1555.67,2646.48,1555.42,239,240,242
0022.jpg,0021.jpg,1746.77,1587.67,1750.05,1587.69,219,220,222
0022.jpg,0023.jpg,1566.36,2545.77,1565.29,2545.68,216,217,219
0022.jpg,0024.jpg,2367.03,1859.63,2360.76,1859.69,244,244,244
0022.jpg,0025.jpg,2063.51,2385.49,2056.73,2385.15,253,255,252
0022.jpg,0026.jpg,1436.96,1683.86,1432.64,1686.21,226,227,229
0022.jpg,0027.jpg,1729.14,2099.25,1721.2,2099.48,237,238,240
0022.jpg,0028.jpg,1746.77,1587.67,1736.15,1588.7,219,220,222
0022.jpg,0029.jpg,1780.5,2726.82,1764.61,2725.96,248,249,251
0022.jpg,0030.jpg,2641.62,1555.67,2622.01,1555.7,239,240,242
0022.jpg,0031.jpg,2561.54,2772.4,2537.08,2775.8,248,249,251
0022.jpg,0032.jpg,1806.42,2683.91,1784.77,2683.11,248,250,249
0022.jpg,0033.jpg,1936.72,1429.35,1922.53,1429.51,238,240,239
0022.jpg,0034.jpg,1899.28,1441.98,1885.71,1443.15,238,238,240
0022.jpg,0035.jpg,1780.5,2726.82,1758.31,2725.49,248,249,251
0022.jpg,0036.jpg,1780.5,2726.82,1757.62,2725.41,248,249,251
0022.jpg,0037.jpg,2325.76,2772.4,2296.68,2771.31,177,178,180
0022.jpg,0038.jpg,1889.43,1476.46,1873.29,1477.36,224,225,227
0022.jpg,0039.jpg,1899.28,1441.98,1883.74,1442.99,238,238,240
0022.jpg,0040.jpg,2199.64,1630.54,2177.01,1630.44,205,206,208
0023.jpg,0001.jpg,1568.61,1923.02,1601.27,1922.47,207,208,210
0023.jpg,0002.jpg,2084.2,2398.77,2120.22,2398.97,223,224,226
0023.jpg,0003.jpg,2296.27,2773.46,2327.64,2772.07,116,117,119
0023.jpg,0004.jpg,2610.71,2756.45,2640.93,2753.12,214,215,217
0023.jpg,0005.jpg,2137.36,2765.06,2165.68,2765.37,250,251,253
0023.jpg,0006.jpg,1534.9,1771.57,1562.19,1770.25,226,228,227
0023.jpg,0007.jpg,1763.92,2071.13,1794.78,2072.44,215,216,218
0023.jpg,0008.jpg,1763.92,2071.13,1794.07,2072.26,215,216,218
0023.jpg,0009.jpg,2084.2,2398.77,2113.31,2399.21,223,224,226
0023.jpg,0010.jpg,2066.27,2434.34,2093.35,2434.76,248,249,251
0023.jpg,0011.jpg,2679.65,1803.85,2700.36,1805.58,239,240,242
0023.jpg,0012.jpg,2268.97,1636.89,2290.2,1637.61,133,134,138
0023.jpg,0013.jpg,1763.92,2071.13,1785.27,2072.42,215,216,218
0023.jpg,0014.jpg,1763.92,2071.13,1783.18,2071.85,215,216,218
0023.jpg,0015.jpg,1927.62,1472.75,1942.57,1471.93,207,208,210
0023.jpg,0016.jpg,1763.92,2071.13,1778.91,2071.83,215,216,218
0023.jpg,0017.jpg,1763.92,2071.13,1776.89,2072.31,215,216,218
0023.jpg,0018.jpg,1763.92,2071.13,1774.13,2071.68,215,216,218
0023.jpg,0019.jpg,1787.79,2109.05,1795.65,2108.8,212,213,215
0023.jpg,0020.jpg,1673.16,2778.87,1681.57,2779.47,206,207,209
0023.jpg,0021.jpg,2082.01,1553.82,2086.08,1554.02,223,224,226
0023.jpg,0022.jpg,1568.61,1923.02,1570.77,1923.46,207,208,210
0023.jpg,0024.jpg,2176.35,2779.72,2173.84,2779.75,250,251,253
0023.jpg,0025.jpg,2627.83,1476.95,2622.3,1476.2,174,175,177
0023.jpg,0026.jpg,2176.35,2779.72,2170.38,2779.69,250,251,253
0023.jpg,0027.jpg,1628.67,1775.25,1624.83,1776.34,240,241,243
0023.jpg,0028.jpg,2176.35,2779.72,2166.74,2779.51,250,251,253
0023.jpg,0029.jpg,2176.35,2779.72,2164.04,2779.82,250,251,253
0023.jpg,0030.jpg,2429.0,2167.16,2406.82,2166.62,223,224,226
0023.jpg,0031.jpg,1673.16,2778.87,1657.37,2778.0,206,207,209
0023.jpg,0032.jpg,2627.83,1476.95,2605.44,1473.73,174,175,177
0023.jpg,0033.jpg,2176.35,2779.72,2159.14,2779.83,250,251,253
0023.jpg,0034.jpg,1592.97,2009.72,1584.34,2010.08,215,216,220
0023.jpg,0035.jpg,2268.97,1636.89,2248.53,1636.88,133,134,138
0023.jpg,0036.jpg,1418.83,1922.7,1413.18,1922.08,64,64,64
0023.jpg,0037.jpg,1787.79,2109.05,1773.74,2109.25,212,213,215
0023.jpg,0038.jpg,1500.72,2108.24,1493.48,2110.21,97,101,104
0023.jpg,0039.jpg,1427.02,1922.23,1420.49,1922.75,191,192,194
0023.jpg,0040.jpg,2306.3,2641.55,2283.35,2641.83,254,255,255
0024.jpg,0001.jpg,2754.23,2581.7,2790.92,2578.83,230,232,231
0024.jpg,0002.jpg,2618.29,2780.41,2649.92,2777.37,216,217,219
0024.jpg,0003.jpg,2618.29,2780.41,2649.01,2777.32,216,217,219
0024.jpg,0004.jpg,1492.77,1553.29,1515.46,1550.4,205,205,207
0024.jpg,0005.jpg,1434.19,1438.23,1454.69,1433.46,132,133,137
0024.jpg,0006.jpg,2707.46,1703.04,2731.14,1705.77,250,251,253
0024.jpg,0007.jpg,2623.0,1547.03,2648.88,1550.03,245,246,248
0024.jpg,0008.jpg,1488.85,2138.78,1518.75,2137.99,249,251,250
0024.jpg,0009.jpg,2172.03,2741.51,2197.91,2740.85,249,250,252
0024.jpg,0010.jpg,2017.2,2411.98,2047.82,2412.56,249,251,250
0024.jpg,0011.jpg,2073.97,2381.97,2102.11,2381.82,168,169,171
0024.jpg,0012.jpg,1759.54,2527.09,1793.94,2527.04,253,254,255
0024.jpg,0013.jpg,2754.23,2581.7,2781.69,2579.64,230,232,231
0024.jpg,0014.jpg,1434.19,1438.23,1445.29,1435.14,132,133,137
0024.jpg,0015.jpg,1434.19,1438.23,1442.06,1435.46,132,133,137
0024.jpg,0016.jpg,2111.06,1869.08,2135.95,1869.15,255,255,255
0024.jpg,0017.jpg,1954.64,1463.31,1967.56,1463.19,254,255,255
0024.jpg,0018.jpg,2121.39,1494.31,2134.0,1494.05,219,220,222
0024.jpg,0019.jpg,2121.39,1494.31,2132.24,1494.12,219,220,222
0024.jpg,0020.jpg,2180.23,1590.55,2188.38,1590.6,227,228,232
0024.jpg,0021.jpg,1732.03,1912.24,1737.22,1911.9,222,223,225
0024.jpg,0022.jpg,2414.05,2199.7,2420.11,2201.0,203,204,206
0024.jpg,0023.jpg,2172.03,2741.51,2174.59,2742.06,249,250,252
0024.jpg,0025.jpg,1742.8,1588.66,1740.7,1588.24,238,239,241
0024.jpg,0026.jpg,2622.59,2266.81,2616.94,2266.85,246,247,249
0024.jpg,0027.jpg,2172.03,2741.51,2166.28,2741.6,249,250,252
0024.jpg,0028.jpg,2483.53,1538.56,2473.43,1539.08,220,221,223
0024.jpg,0029.jpg,1764.26,1694.27,1756.66,1696.68,207,208,210
0024.jpg,0030.jpg,1434.19,1438.23,1433.71,1439.38,132,133,137
0024.jpg,0031.jpg,1452.9,1692.74,1450.01,1693.6,251,255,255
0024.jpg,0032.jpg,2566.53,2780.35,2545.72,2781.35,229,230,232
0024.jpg,0033.jpg,1807.25,2727.95,1790.83,2727.39,251,253,252
0024.jpg,0034.jpg,2172.03,2741.51,2157.14,2742.51,249,250,252
0024.jpg,0035.jpg,1631.93,2634.77,1619.7,2633.55,246,247,249
0024.jpg,0036.jpg,2121.39,1494.31,2104.43,1493.69,219,220,222
0024.jpg,0037.jpg,1968.99,1471.28,1955.75,1471.88,224,225,229
0024.jpg,0038.jpg,2633.17,1478.31,2606.29,1476.84,231,232,234
0024.jpg,0039.jpg,1648.74,1964.88,1640.05,1965.53,245,246,248
0024.jpg,0040.jpg,2454.79,2467.14,2425.6,2467.16,250,251,253
0025.jpg,0001.jpg,1919.2,1473.72,1952.01,1471.6,244,245,247
0025.jpg,0002.jpg,2133.41,2764.66,2167.55,2765.66,218,219,221
0025.jpg,0003.jpg,2050.15,2400.76,2089.96,2401.01,235,236,238
0025.jpg,0004.jpg,1902.19,1575.53,1937.16,1575.13,243,244,246
0025.jpg,0005.jpg,2050.15,2400.76,2088.56,2400.91,235,236,238
0025.jpg,0006.jpg,2564.4,2779.84,2600.71,2776.17,205,206,208
0025.jpg,0007.jpg,1441.13,1442.35,1460.2,1438.27,246,247,249
0025.jpg,0008.jpg,1967.35,1471.16,1996.06,1470.44,213,214,216
0025.jpg,0009.jpg,2614.42,1492.51,2644.35,1496.08,235,236,238
0025.jpg,0010.jpg,2599.63,2781.64,2630.8,2779.01,237,238,240
0025.jpg,0011.jpg,2735.71,2100.16,2765.74,2099.67,241,242,244
0025.jpg,0012.jpg,2050.15,2400.76,2080.32,2402.5,235,236,238
0025.jpg,0013.jpg,1542.82,2005.51,1564.68,2005.09,235,236,238
0025.jpg,0014.jpg,2129.43,2778.53,2151.16,2779.08,244,245,247
0025.jpg,0015.jpg,2735.71,2100.16,2760.65,2100.17,241,242,244
0025.jpg,0016.jpg,2469.46,1593.09,2491.18,1593.59,234,235,237
0025.jpg,0017.jpg,2599.38,1474.43,2618.27,1476.0,244,245,247
0025.jpg,0018.jpg,1843.44,2638.77,1862.75,2638.54,227,229,228
0025.jpg,0019.jpg,2052.52,2450.85,2066.53,2450.57,239,240,242
0025.jpg,0020.jpg,2222.45,1645.75,2232.33,1646.71,212,213,215
0025.jpg,0021.jpg,2579.65,2683.42,2590.76,2682.39,215,216,218
0025.jpg,0022.jpg,2092.6,1487.74,2098.89,1487.83,194,195,197
0025.jpg,0023.jpg,2119.91,1494.08,2123.51,1494.44,214,215,217
0025.jpg,0024.jpg,2119.91,1494.08,2121.39,1494.31,214,215,217
0025.jpg,0026.jpg,2222.45,1645.75,2220.37,1646.32,212,213,215
0025.jpg,0027.jpg,2222.45,1645.75,2218.01,1645.97,212,213,215
0025.jpg,0028.jpg,1753.01,2110.97,1749.21,2110.97,201,202,204
0025.jpg,0029.jpg,2119.91,1494.08,2112.8,1494.08,214,215,217
0025.jpg,0030.jpg,2171.81,2779.57,2163.52,2779.95,254,255,255
0025.jpg,0031.jpg,2119.91,1494.08,2109.61,1494.07,214,215,217
0025.jpg,0032.jpg,1866.41,2745.58,1852.71,2744.84,233,235,234
0025.jpg,0033.jpg,2559.22,2618.64,2538.16,2619.59,151,153,152
0025.jpg,0034.jpg,1753.01,2110.97,1744.73,2111.06,201,202,204
0025.jpg,0035.jpg,2171.81,2779.57,2157.55,2779.61,254,255,255
0025.jpg,0036.jpg,2742.37,2123.99,2716.57,2123.82,246,247,249
0025.jpg,0037.jpg,1967.35,1471.16,1955.75,1471.88,213,214,216
0025.jpg,0038.jpg,2132.31,1465.89,2116.53,1465.03,220,221,223
0025.jpg,0039.jpg,1967.35,1471.16,1955.37,1472.25,213,214,216
0025.jpg,0040.jpg,1441.13,1442.35,1443.36,1444.47,246,247,249
0026.jpg,0001.jpg,1574.31,1971.56,1611.08,1971.6,254,255,255
0026.jpg,0002.jpg,1515.76,2243.44,1552.58,2243.23,248,249,251
0026.jpg,0003.jpg,2549.85,2772.57,2589.64,2769.35,248,249,253
0026.jpg,0004.jpg,1497.57,2110.07,1533.54,2110.07,101,102,104
0026.jpg,0005.jpg,1497.57,2110.07,1532.92,2110.07,101,102,104
0026.jpg,0006.jpg,1441.31,1443.06,1461.75,1438.0,252,253,255
0026.jpg,0007.jpg,1463.41,1611.96,1489.87,1608.41,171,172,174
0026.jpg,0008.jpg,2078.59,1977.62,2130.79,1977.07,212,213,215
0026.jpg,0009.jpg,1522.54,1939.45,1551.78,1938.67,172,173,177
0026.jpg,0010.jpg,1797.59,2780.7,1646.72,2782.61,246,247,249
0026.jpg,0011.jpg,1797.59,2780.7,1840.85,2782.55,246,247,249
0026.jpg,0012.jpg,2156.57,2778.27,2184.41,2777.81,232,232,232
0026.jpg,0013.jpg,2468.26,2395.34,2513.01,2394.83,254,255,255
0026.jpg,0014.jpg,2127.36,2778.91,2151.16,2779.08,221,222,224
0026.jpg,0015.jpg,1497.57,2110.07,1516.27,2107.88,101,102,104
0026.jpg,0016.jpg,2036.3,1524.51,2054.79,1524.45,252,253,255
0026.jpg,0017.jpg,2309.75,2635.1,2329.86,2634.69,254,255,255
0026.jpg,0018.jpg,2309.75,2635.1,2328.14,2634.41,254,255,255
0026.jpg,0019.jpg,2478.66,1540.21,2496.62,1541.53,254,255,255
0026.jpg,0020.jpg,1440.88,1677.5,1447.15,1677.38,132,133,135
0026.jpg,0021.jpg,2584.68,2049.52,2600.92,2049.61,225,226,228
0026.jpg,0022.jpg,1793.68,2133.27,1800.53,2132.8,254,255,255
0026.jpg,0023.jpg,2478.66,1540.21,2486.52,1540.69,254,255,255
0026.jpg,0024.jpg,2168.42,2741.83,2172.03,2741.51,254,255,255
0026.jpg,0025.jpg,2327.57,1995.26,2330.46,1995.13,127,128,130
0026.jpg,0027.jpg,2170.38,2779.69,2168.63,2779.86,226,228,227
0026.jpg,0028.jpg,1592.41,2285.19,1590.77,2284.74,246,247,249
0026.jpg,0029.jpg,2104.85,1531.93,2100.17,1531.99,226,227,229
0026.jpg,0030.jpg,2309.75,2635.1,2301.82,2634.72,254,255,255
0026.jpg,0031.jpg,2168.42,2741.83,2160.26,2742.07,254,255,255
0026.jpg,0032.jpg,2095.77,1593.17,2087.28,1593.7,238,238,240
0026.jpg,0033.jpg,2170.38,2779.69,2159.14,2779.83,226,228,227
0026.jpg,0034.jpg,2274.57,2513.53,2261.08,2513.69,200,201,203
0026.jpg,0035.jpg,1665.29,2778.41,1655.17,2777.37,242,243,245
0026.jpg,0036.jpg,2621.07,1625.47,2601.51,1624.05,241,241,241
0026.jpg,0037.jpg,2170.38,2779.69,2156.18,2779.87,226,228,227
0026.jpg,0038.jpg,2661.85,1628.58,2641.44,1626.03,217,219,218
0026.jpg,0039.jpg,1772.16,2087.69,1763.21,2087.92,222,223,225
0026.jpg,0040.jpg,2274.57,2513.53,2257.95,2514.84,200,201,203
0027.jpg,0001.jpg,1441.41,1442.91,1463.64,1437.83,211,212,216
0027.jpg,0002.jpg,1490.06,2095.42,1528.23,2092.87,245,247,244
0027.jpg,0003.jpg,2546.86,2772.5,2589.64,2769.35,251,252,254
0027.jpg,0004.jpg,2707.4,1801.47,2737.76,1802.31,241,242,244
0027.jpg,0005.jpg,1441.41,1442.91,1461.11,1437.87,211,212,216
0027.jpg,0006.jpg,1441.41,1442.91,1461.75,1438.0,211,212,216
0027.jpg,0007.jpg,2546.86,2772.5,2588.03,2769.3,251,252,254
0027.jpg,0008.jpg,1473.41,1446.12,1491.48,1441.62,231,232,234
0027.jpg,0009.jpg,1490.06,2095.42,1521.37,2094.07,245,247,244
0027.jpg,0010.jpg,1473.41,1446.12,1489.15,1441.8,231,232,234
0027.jpg,0011.jpg,1747.44,2569.28,1788.63,2570.7,254,255,255
0027.jpg,0012.jpg,2094.32,2506.22,2126.28,2505.33,232,233,235
0027.jpg,0013.jpg,1759.72,1678.27,1787.3,1677.47,226,226,226
0027.jpg,0014.jpg,1538.58,2581.79,1566.53,2583.66,249,249,249
0027.jpg,0015.jpg,2729.72,2100.0,2760.65,2100.17,252,253,255
0027.jpg,0016.jpg,2131.26,1589.93,2153.37,1590.26,166,167,169
0027.jpg,0017.jpg,1791.03,1949.89,1812.45,1950.53,232,234,233
0027.jpg,0018.jpg,2039.24,1489.18,2055.71,1489.78,133,134,136
0027.jpg,0019.jpg,1852.61,2780.23,1875.81,2780.66,232,233,235
0027.jpg,0020.jpg,2225.24,2544.32,2241.22,2543.94,254,255,255
0027.jpg,0021.jpg,1852.61,2780.23,1868.26,2780.95,232,233,235
0027.jpg,0022.jpg,2155.77,2600.95,2166.07,2601.0,224,225,227
0027.jpg,0023.jpg,2019.17,2423.82,2028.82,2423.2,254,255,255
0027.jpg,0024.jpg,1684.86,2046.61,1688.18,2046.02,164,165,167
0027.jpg,0025.jpg,1852.61,2780.23,1857.54,2780.34,232,233,235
0027.jpg,0026.jpg,2020.44,2395.95,2022.09,2396.04,242,243,245
0027.jpg,0028.jpg,2246.75,2519.8,2245.83,2520.82,177,178,180
0027.jpg,0029.jpg,2356.16,1864.79,2351.11,1864.4,190,190,190
0027.jpg,0030.jpg,2729.19,2109.58,2721.08,2108.22,249,250,252
0027.jpg,0031.jpg,2408.56,2291.5,2397.03,2291.53,211,211,211
0027.jpg,0032.jpg,1918.0,1455.19,1913.09,1455.16,137,137,139
0027.jpg,0033.jpg,2059.05,2486.91,2049.68,2487.01,237,239,238
0027.jpg,0034.jpg,2598.45,2772.85,2582.72,2774.21,230,231,233
0027.jpg,0035.jpg,2020.44,2395.95,2009.9,2396.13,242,243,245
0027.jpg,0036.jpg,1481.59,2112.72,1478.67,2112.67,253,254,255
0027.jpg,0037.jpg,2115.59,2399.79,2102.45,2400.04,222,223,227
0027.jpg,0038.jpg,1481.59,2112.72,1479.06,2112.79,253,254,255
0027.jpg,0039.jpg,2131.26,1589.93,2118.03,1590.88,166,167,169
0027.jpg,0040.jpg,1441.41,1442.91,1443.36,1444.47,211,212,216
0028.jpg,0001.jpg,2131.13,2785.99,2655.12,1420.02,64,64,64
0028.jpg,0002.jpg,2149.74,2471.97,2191.51,2470.63,200,201,203
0028.jpg,0003.jpg,1463.61,1444.7,1487.27,1440.04,222,223,227
0028.jpg,0004.jpg,2687.77,1787.46,2723.03,1790.46,255,255,255
0028.jpg,0005.jpg,1459.9,2482.21,1514.76,2484.42,238,239,241
0028.jpg,0006.jpg,1489.24,2094.3,1525.16,2094.36,226,225,230
0028.jpg,0007.jpg,1720.02,1773.58,1757.69,1771.77,109,110,112
0028.jpg,0008.jpg,1489.27,2093.97,1522.8,2095.13,198,197,202
0028.jpg,0009.jpg,1749.21,2110.97,1782.83,2110.43,218,219,221
0028.jpg,0010.jpg,2149.74,2471.97,2185.54,2470.92,200,201,203
0028.jpg,0011.jpg,1489.24,2094.3,1517.84,2095.0,226,225,230
0028.jpg,0012.jpg,1489.24,2094.3,1515.93,2095.57,226,225,230
0028.jpg,0013.jpg,2224.27,2533.42,2256.27,2532.59,193,194,196
0028.jpg,0014.jpg,1621.92,1746.41,1643.5,1744.49,230,231,233
0028.jpg,0015.jpg,2141.03,1439.9,2167.28,1440.13,107,108,110
0028.jpg,0016.jpg,1463.61,1444.7,1470.94,1441.15,222,223,227
0028.jpg,0017.jpg,1854.69,2759.59,1884.54,2761.09,254,255,255
0028.jpg,0018.jpg,1569.45,2014.35,1582.67,2013.75,203,204,206
0028.jpg,0019.jpg,2614.69,1475.43,2637.19,1477.25,142,143,145
0028.jpg,0020.jpg,2614.69,1475.43,2634.95,1477.17,142,143,145
0028.jpg,0021.jpg,1624.29,2634.83,1637.94,2635.68,212,213,215
0028.jpg,0022.jpg,1652.49,2710.94,1664.01,2712.47,231,232,234
0028.jpg,0023.jpg,2614.69,1475.43,2627.83,1476.95,142,143,145
0028.jpg,0024.jpg,1832.4,1428.79,1837.38,1428.01,238,239,241
0028.jpg,0025.jpg,2614.69,1475.43,2622.3,1476.2,142,143,145
0028.jpg,0026.jpg,2308.15,2748.57,2313.2,2748.81,254,255,255
0028.jpg,0027.jpg,1563.71,1923.17,1563.67,1923.23,227,228,230
0028.jpg,0029.jpg,1712.94,2095.46,1711.61,2095.15,140,141,145
0028.jpg,0030.jpg,2747.83,1781.0,2743.76,1781.23,251,252,254
0028.jpg,0031.jpg,1749.21,2110.97,1746.87,2110.93,218,219,221
0028.jpg,0032.jpg,2614.69,1475.43,2605.44,1473.73,142,143,145
0028.jpg,0033.jpg,2131.92,2747.93,2124.7,2747.88,251,252,254
0028.jpg,0034.jpg,2270.83,2513.17,2261.08,2513.69,208,209,211
0028.jpg,0035.jpg,1996.92,1510.42,1991.45,1510.0,190,191,193
0028.jpg,0036.jpg,2131.92,2747.93,2122.38,2748.58,251,252,254
0028.jpg,0037.jpg,2715.26,2715.14,2697.06,2716.61,225,226,228
0028.jpg,0038.jpg,2614.69,1475.43,2597.93,1474.21,142,143,145
0028.jpg,0039.jpg,2270.83,2513.17,2258.65,2515.3,208,209,211
0028.jpg,0040.jpg,2291.84,1696.01,2278.44,1696.29,230,231,233
0029.jpg,0001.jpg,2472.03,1428.11,2521.44,1431.48,208,209,211
0029.jpg,0002.jpg,1721.16,2766.48,1782.51,2772.98,111,112,114
0029.jpg,0003.jpg,2316.06,2785.97,2360.7,2784.25,68,68,68
0029.jpg,0004.jpg,1967.26,2779.77,2015.96,2779.89,239,240,242
0029.jpg,0005.jpg,2559.13,1536.57,2600.84,1539.9,250,251,253
0029.jpg,0006.jpg,2559.13,1536.57,2600.83,1539.43,250,251,253
0029.jpg,0007.jpg,1489.4,2094.53,1524.63,2093.29,243,244,246
0029.jpg,0008.jpg,2316.06,2785.97,2358.51,2784.08,68,68,68
0029.jpg,0009.jpg,1671.44,2390.91,1709.92,2393.27,243,244,246
0029.jpg,0010.jpg,2122.23,2779.01,2157.33,2778.64,222,223,225
0029.jpg,0011.jpg,2713.12,1756.16,2745.51,1758.49,252,253,255
0029.jpg,0012.jpg,1461.98,1595.12,1481.77,1591.76,231,232,234
0029.jpg,0013.jpg,1756.05,2072.62,1785.27,2072.42,204,204,204
0029.jpg,0014.jpg,1696.1,2779.08,1734.99,2781.21,228,229,231
0029.jpg,0015.jpg,2092.44,1549.1,2118.84,1549.13,236,237,239
0029.jpg,0016.jpg,2661.58,2114.54,2697.79,2114.52,235,236,238
0029.jpg,0017.jpg,1712.88,2612.92,1740.32,2614.53,246,247,249
0029.jpg,0018.jpg,2316.06,2785.97,2343.07,2785.1,68,68,68
0029.jpg,0019.jpg,1764.61,2725.96,1789.29,2727.04,230,231,233
0029.jpg,0020.jpg,1972.65,1447.87,1987.14,1446.8,226,227,229
0029.jpg,0021.jpg,1696.1,2779.08,1714.94,2780.02,228,229,231
0029.jpg,0022.jpg,1696.1,2779.08,1711.47,2780.08,228,229,231
0029.jpg,0023.jpg,2661.58,2114.54,2680.27,2113.65,235,236,238
0029.jpg,0024.jpg,1877.1,2618.53,1889.24,2618.78,233,234,236
0029.jpg,0025.jpg,2661.58,2114.54,2673.26,2114.88,235,236,238
0029.jpg,0026.jpg,2143.56,2713.75,2148.91,2713.73,251,252,254
0029.jpg,0027.jpg,1461.98,1595.12,1462.08,1594.37,231,232,234
0029.jpg,0028.jpg,1701.08,2040.53,1702.74,2041.03,250,251,253
0029.jpg,0030.jpg,2746.67,2527.77,2742.53,2527.78,118,119,121
0029.jpg,0031.jpg,1495.72,2221.99,1494.67,2221.98,235,236,238
0029.jpg,0032.jpg,1487.66,2669.03,1485.62,2668.84,254,255,255
0029.jpg,0033.jpg,1696.1,2779.08,1690.32,2778.56,228,229,231
0029.jpg,0034.jpg,2100.17,1531.99,2094.15,1531.68,211,213,212
0029.jpg,0035.jpg,1764.61,2725.96,1758.31,2725.49,230,231,233
0029.jpg,0036.jpg,1782.18,2090.66,1777.49,2091.46,236,237,239
0029.jpg,0037.jpg,2386.44,2160.81,2371.29,2161.2,254,255,255
0029.jpg,0038.jpg,2165.93,2542.02,2156.22,2541.55,209,210,212
0029.jpg,0039.jpg,1495.72,2221.99,1493.29,2222.08,235,236,238
0029.jpg,0040.jpg,1495.72,2221.99,1493.57,2221.9,235,236,238
0030.jpg,0001.jpg,2582.65,2780.5,2632.13,2775.98,206,207,209
0030.jpg,0002.jpg,2582.65,2780.5,2632.08,2776.13,206,207,209
0030.jpg,0003.jpg,1563.76,2268.5,1604.56,2270.46,149,153,156
0030.jpg,0004.jpg,2451.01,1438.26,2500.81,1441.65,254,255,255
0030.jpg,0005.jpg,2451.01,1438.26,2503.34,1441.58,254,255,255
0030.jpg,0006.jpg,2582.65,2780.5,2630.8,2776.48,206,207,209
0030.jpg,0007.jpg,2740.6,1736.81,2776.9,1739.21,168,169,171
0030.jpg,0008.jpg,2582.65,2780.5,2629.9,2776.23,206,207,209
0030.jpg,0009.jpg,1693.95,2778.86,1746.77,2781.78,252,253,255
0030.jpg,0010.jpg,2582.65,2780.5,2628.51,2776.19,206,207,209
0030.jpg,0011.jpg,1781.92,1711.71,1817.45,1710.52,228,232,233
0030.jpg,0012.jpg,1457.72,1701.15,1477.97,1698.51,106,110,111
0030.jpg,0013.jpg,2164.09,2541.55,2199.34,2541.67,255,255,255
0030.jpg,0014.jpg,2120.28,2779.49,2151.16,2779.08,234,234,234
0030.jpg,0015.jpg,1781.92,1711.71,1809.46,1712.12,228,232,233
0030.jpg,0016.jpg,1833.81,2637.16,1868.46,2638.45,198,199,201
0030.jpg,0017.jpg,1754.69,2072.55,1776.89,2072.31,254,255,255
0030.jpg,0018.jpg,1881.4,1478.02,1897.93,1476.72,226,227,229
0030.jpg,0019.jpg,1422.74,1440.09,1425.77,1437.06,64,64,64
0030.jpg,0020.jpg,2164.09,2541.55,2185.87,2541.72,255,255,255
0030.jpg,0021.jpg,1830.17,2751.16,1852.13,2752.21,218,219,221
0030.jpg,0022.jpg,2164.09,2541.55,2180.93,2541.95,255,255,255
0030.jpg,0023.jpg,2164.09,2541.55,2178.95,2541.7,255,255,255
0030.jpg,0024.jpg,2384.53,2160.37,2404.48,2160.25,228,230,229
0030.jpg,0025.jpg,1422.74,1440.09,1421.86,1439.28,64,64,64
0030.jpg,0026.jpg,2164.09,2541.55,2172.46,2542.89,255,255,255
0030.jpg,0027.jpg,2120.28,2779.49,2125.14,2779.09,234,234,234
0030.jpg,0028.jpg,2656.12,2160.76,2661.64,2160.96,226,227,229
0030.jpg,0029.jpg,1799.52,2741.12,1801.79,2740.8,218,219,221
0030.jpg,0031.jpg,1568.02,2594.58,1566.87,2594.93,254,255,255
0030.jpg,0032.jpg,2164.09,2541.55,2160.82,2542.0,255,255,255
0030.jpg,0033.jpg,2158.1,2714.04,2153.84,2714.24,235,236,238
0030.jpg,0034.jpg,2164.09,2541.55,2159.0,2541.35,255,255,255
0030.jpg,0035.jpg,1417.93,2188.38,1416.96,2187.32,218,219,221
0030.jpg,0036.jpg,1417.93,2188.38,1417.12,2186.96,218,219,221
0030.jpg,0037.jpg,1754.69,2072.55,1751.21,2073.5,254,255,255
0030.jpg,0038.jpg,2164.09,2541.55,2156.22,2541.55,255,255,255
0030.jpg,0039.jpg,1417.93,2188.38,1417.06,2187.01,218,219,221
0030.jpg,0040.jpg,2656.12,2160.76,2642.55,2161.51,226,227,229
0031.jpg,0001.jpg,2580.36,2780.73,2632.13,2775.98,219,220,222
0031.jpg,0002.jpg,2580.36,2780.73,2632.08,2776.13,219,220,222
0031.jpg,0003.jpg,1785.89,2683.22,1845.73,2685.07,207,208,210
0031.jpg,0004.jpg,2598.92,2204.73,2655.24,2204.22,254,255,255
0031.jpg,0005.jpg,1534.99,2265.71,1573.05,2265.99,168,169,173
0031.jpg,0006.jpg,2607.35,1492.74,2649.83,1496.97,241,242,244
0031.jpg,0007.jpg,1492.29,2575.15,1539.45,2578.19,232,233,235
0031.jpg,0008.jpg,2580.36,2780.73,2629.9,2776.23,219,220,222
0031.jpg,0009.jpg,2704.38,1808.82,2744.37,1810.94,251,252,255
0031.jpg,0010.jpg,2580.36,2780.73,2628.51,2776.19,219,220,222
0031.jpg,0011.jpg,2607.35,1492.74,2647.78,1495.96,241,242,244
0031.jpg,0012.jpg,1476.98,2275.85,1504.38,2276.74,203,203,203
0031.jpg,0013.jpg,1798.32,1695.41,1830.22,1693.89,166,167,169
0031.jpg,0014.jpg,1970.36,1447.93,1997.79,1446.63,207,208,212
0031.jpg,0015.jpg,2607.35,1492.74,2644.91,1495.82,241,242,244
0031.jpg,0016.jpg,1904.9,1491.42,1928.25,1490.44,220,222,221
0031.jpg,0017.jpg,1938.12,1493.64,1961.25,1492.25,205,206,208
0031.jpg,0018.jpg,1776.77,2128.5,1798.53,2129.14,241,242,244
0031.jpg,0019.jpg,2119.5,2779.25,2141.53,2778.98,238,239,241
0031.jpg,0020.jpg,1785.89,2683.22,1810.95,2684.13,207,208,210
0031.jpg,0021.jpg,2189.91,2692.47,2208.77,2691.72,211,212,214
0031.jpg,0022.jpg,2301.09,2748.77,2322.49,2747.7,241,243,242
0031.jpg,0023.jpg,1767.1,2144.17,1777.88,2144.22,236,237,239
0031.jpg,0024.jpg,1552.33,2052.33,1558.3,2051.69,209,213,214
0031.jpg,0025.jpg,2231.93,1668.43,2242.85,1668.72,161,162,164
0031.jpg,0026.jpg,2607.35,1492.74,2617.69,1493.94,241,242,244
0031.jpg,0027.jpg,2615.9,2626.66,2627.93,2627.72,248,249,251
0031.jpg,0028.jpg,2315.26,1813.52,2320.57,1813.75,233,234,236
0031.jpg,0029.jpg,1772.44,2148.19,1774.86,2148.42,181,182,184
0031.jpg,0030.jpg,2134.91,1788.53,2137.16,1787.75,230,231,233
0031.jpg,0032.jpg,1552.33,2052.33,1552.11,2051.96,209,213,214
0031.jpg,0033.jpg,2054.15,1422.85,2052.21,1422.81,64,64,64
0031.jpg,0034.jpg,2615.9,2626.66,2610.1,2627.64,248,249,251
0031.jpg,0035.jpg,2191.77,2727.03,2187.11,2726.94,251,252,254
0031.jpg,0036.jpg,2119.5,2779.25,2113.58,2779.12,238,239,241
0031.jpg,0037.jpg,2752.55,2782.67,2742.8,2783.03,232,234,233
0031.jpg,0038.jpg,2121.67,1466.28,2116.53,1465.03,254,255,255
0031.jpg,0039.jpg,1552.33,2052.33,1550.95,2051.6,209,213,214
0031.jpg,0040.jpg,1537.12,2199.61,1535.86,2199.16,198,199,201
0032.jpg,0001.jpg,1456.46,1865.98,1495.45,1865.25,254,255,255
0032.jpg,0002.jpg,2740.14,1418.12,2795.34,1424.14,64,66,65
0032.jpg,0003.jpg,2403.53,2316.81,2471.47,2316.69,232,233,235
0032.jpg,0004.jpg,2525.98,2744.33,2580.44,2739.55,238,239,241
0032.jpg,0005.jpg,1474.61,1447.43,1496.91,1442.2,211,212,214
0032.jpg,0006.jpg,1844.74,2779.66,1905.69,2781.64,229,230,232
0032.jpg,0007.jpg,1430.87,2472.86,1488.12,2475.92,229,230,232
0032.jpg,0008.jpg,2521.71,2726.62,2575.7,2722.48,208,209,211
0032.jpg,0009.jpg,2472.41,1503.43,2520.34,1506.81,231,232,234
0032.jpg,0010.jpg,2598.24,2781.82,2647.06,2777.73,221,222,224
0032.jpg,0011.jpg,1434.15,1832.64,1460.25,1831.13,228,229,231
0032.jpg,0012.jpg,1430.87,2472.86,1476.39,2476.24,229,230,232
0032.jpg,0013.jpg,1779.26,1710.76,1814.28,1711.48,199,200,202
0032.jpg,0014.jpg,1968.63,1448.04,1997.79,1446.63,254,255,255
0032.jpg,0015.jpg,1479.17,2112.87,1501.82,2112.46,247,248,250
0032.jpg,0016.jpg,1872.64,2647.14,1911.81,2647.26,254,255,255
0032.jpg,0017.jpg,1420.76,1922.64,1437.52,1921.8,246,247,249
0032.jpg,0018.jpg,1661.82,1902.41,1679.6,1901.15,188,190,189
0032.jpg,0019.jpg,1852.71,2744.84,1882.87,2746.08,202,203,205
0032.jpg,0020.jpg,1852.71,2744.84,1880.95,2745.69,202,203,205
0032.jpg,0021.jpg,2198.92,2631.84,2220.14,2630.81,193,194,196
0032.jpg,0022.jpg,1964.44,1475.5,1978.29,1475.49,254,255,255
0032.jpg,0023.jpg,1760.9,2725.68,1778.22,2726.57,247,248,250
0032.jpg,0024.jpg,2735.99,2150.66,2756.85,2149.68,214,218,219
0032.jpg,0025.jpg,2594.1,2248.83,2613.1,2247.67,253,254,255
0032.jpg,0026.jpg,2077.01,2551.88,2087.08,2551.79,223,224,226
0032.jpg,0027.jpg,2272.9,2517.12,2281.03,2516.27,165,166,168
0032.jpg,0028.jpg,1410.87,2688.89,1412.68,2688.96,65,65,65
0032.jpg,0029.jpg,2612.78,1558.08,2619.42,1558.84,225,226,228
0032.jpg,0030.jpg,1477.94,2214.36,1477.8,2214.43,231,232,234
0032.jpg,0031.jpg,1964.44,1475.5,1965.45,1475.43,254,255,255
0032.jpg,0033.jpg,2156.37,2774.37,2154.46,2774.37,174,175,177
0032.jpg,0034.jpg,2517.81,2039.95,2513.59,2040.23,249,250,252
0032.jpg,0035.jpg,1760.9,2725.68,1758.31,2725.49,247,248,250
0032.jpg,0036.jpg,1760.9,2725.68,1757.62,2725.41,247,248,250
0032.jpg,0037.jpg,1477.94,2214.36,1476.71,2215.06,231,232,234
0032.jpg,0038.jpg,2605.44,1473.73,2597.93,1474.21,207,208,210
0032.jpg,0039.jpg,1760.9,2725.68,1756.61,2725.65,247,248,250
0032.jpg,0040.jpg,1760.9,2725.68,1756.29,2725.6,247,248,250
0033.jpg,0001.jpg,2584.31,2757.82,2640.37,2753.38,243,244,246
0033.jpg,0002.jpg,2738.15,1418.13,2795.34,1424.14,64,64,64
0033.jpg,0003.jpg,1974.47,1441.91,2017.09,1440.44,110,111,113
0033.jpg,0004.jpg,2769.48,2531.07,1440.57,2024.73,64,64,64
0033.jpg,0005.jpg,2580.15,1542.74,2628.54,1546.67,245,246,248
0033.jpg,0006.jpg,2739.19,2746.33,2791.43,2740.21,231,232,234
0033.jpg,0007.jpg,1554.21,2405.34,1612.1,2406.72,108,109,111
0033.jpg,0008.jpg,1974.47,1441.91,2017.52,1443.18,110,111,113
0033.jpg,0009.jpg,1442.08,1444.0,1457.38,1438.39,241,242,244
0033.jpg,0010.jpg,2739.19,2746.33,2789.36,2740.66,231,232,234
0033.jpg,0011.jpg,2703.4,2684.84,2755.1,2680.96,240,241,243
0033.jpg,0012.jpg,2738.15,1418.13,2789.87,1423.22,64,64,64
0033.jpg,0013.jpg,1522.5,1431.88,1535.75,1427.76,228,229,231
0033.jpg,0014.jpg,1535.76,2615.63,1567.71,2618.39,250,251,253
0033.jpg,0015.jpg,2739.19,2746.33,2784.35,2741.2,231,232,234
0033.jpg,0016.jpg,2273.57,2781.27,2308.77,2780.12,244,245,247
0033.jpg,0017.jpg,1422.07,1632.47,1434.0,1629.48,245,246,248
0033.jpg,0018.jpg,1881.74,1439.05,1902.1,1437.91,210,211,213
0033.jpg,0019.jpg,2739.19,2746.33,2776.53,2742.74,231,232,234
0033.jpg,0020.jpg,1881.74,1439.05,1898.98,1438.07,210,211,213
0033.jpg,0021.jpg,2739.19,2746.33,2770.59,2744.46,231,232,234
0033.jpg,0022.jpg,2154.46,2774.37,2173.38,2773.8,221,222,224
0033.jpg,0023.jpg,2051.48,2426.69,2070.4,2426.44,191,192,194
0033.jpg,0024.jpg,2538.47,2718.35,2561.64,2718.07,253,254,255
0033.jpg,0025.jpg,1551.94,1951.86,1556.88,1951.75,246,250,251
0033.jpg,0026.jpg,2117.4,1432.75,2128.2,1432.39,196,197,199
0033.jpg,0027.jpg,2124.7,2747.88,2133.91,2747.56,254,255,255
0033.jpg,0028.jpg,1881.74,1439.05,1886.29,1438.95,210,211,213
0033.jpg,0029.jpg,1881.74,1439.05,1884.45,1438.32,210,211,213
0033.jpg,0030.jpg,2051.48,2426.69,2055.52,2426.59,191,192,194
0033.jpg,0031.jpg,1423.94,1482.52,1423.03,1481.67,64,64,64
0033.jpg,0032.jpg,1881.74,1439.05,1883.74,1440.18,210,211,213
0033.jpg,0034.jpg,2190.49,1912.94,2188.47,1913.34,185,185,187
0033.jpg,0035.jpg,2131.02,2516.08,2128.88,2515.9,238,240,239
0033.jpg,0036.jpg,1798.09,2779.97,1795.98,2779.88,222,224,223
0033.jpg,0037.jpg,2625.28,2585.27,2619.7,2585.44,252,253,255
0033.jpg,0038.jpg,2604.06,1475.41,2597.93,1474.21,187,188,190
0033.jpg,0039.jpg,2633.2,2051.84,2626.17,2051.51,255,255,255
0033.jpg,0040.jpg,1881.74,1439.05,1879.35,1439.1,210,211,213
0034.jpg,0001.jpg,1433.8,1656.11,1467.0,1651.58,133,134,136
0034.jpg,0002.jpg,2523.35,2743.82,2581.99,2738.73,211,212,214
0034.jpg,0003.jpg,1885.71,1443.15,1926.49,1440.94,234,235,237
0034.jpg,0004.jpg,2769.31,2003.68,1440.57,2024.73,64,64,64
0034.jpg,0005.jpg,2726.7,1710.86,2770.65,1713.8,204,205,207
0034.jpg,0006.jpg,1509.69,1433.36,1530.06,1428.04,219,220,222
0034.jpg,0007.jpg,1529.66,1444.2,1550.09,1440.0,201,202,204
0034.jpg,0008.jpg,2308.47,2787.85,2358.83,2785.82,60,60,60
0034.jpg,0009.jpg,1686.01,2336.31,1726.84,2337.75,246,247,249
0034.jpg,0010.jpg,2566.99,1488.5,2615.47,1492.8,250,251,253
0034.jpg,0011.jpg,2676.71,2752.22,2732.92,2747.99,254,255,255
0034.jpg,0012.jpg,2451.73,1417.73,2504.89,1421.76,68,68,68
0034.jpg,0013.jpg,2333.69,2777.31,2377.88,2775.96,197,198,200
0034.jpg,0014.jpg,2149.53,2734.68,2184.18,2733.87,254,255,255
0034.jpg,0015.jpg,2557.06,2684.11,2605.36,2681.42,229,230,232
0034.jpg,0016.jpg,2566.99,1488.5,2608.19,1492.01,250,251,253
0034.jpg,0017.jpg,1442.48,1444.41,1446.85,1440.56,236,237,241
0034.jpg,0018.jpg,2668.97,2755.3,2712.77,2752.26,147,148,152
0034.jpg,0019.jpg,2557.06,2684.11,2596.46,2682.3,229,230,232
0034.jpg,0020.jpg,2153.46,2774.39,2177.55,2774.08,187,188,190
0034.jpg,0021.jpg,1784.86,1950.69,1802.79,1950.69,254,255,255
0034.jpg,0022.jpg,1572.1,2242.47,1582.22,2242.06,205,206,208
0034.jpg,0023.jpg,2557.06,2684.11,2585.17,2683.06,229,230,232
0034.jpg,0024.jpg,2651.32,1690.33,2673.43,1691.75,242,243,245
0034.jpg,0025.jpg,1779.98,2563.5,1794.07,2564.61,220,221,223
0034.jpg,0026.jpg,2557.06,2684.11,2576.71,2683.48,229,230,232
0034.jpg,0027.jpg,2123.94,2747.8,2133.91,2747.56,243,244,246
0034.jpg,0028.jpg,1428.49,1488.43,1427.09,1487.77,227,228,230
0034.jpg,0029.jpg,2086.41,1549.28,2092.44,1549.1,254,255,255
0034.jpg,0030.jpg,2123.94,2747.8,2128.85,2747.75,243,244,246
0034.jpg,0031.jpg,1779.98,2563.5,1783.96,2564.44,220,221,223
0034.jpg,0032.jpg,2153.46,2774.39,2156.37,2774.37,187,188,190
0034.jpg,0033.jpg,2123.94,2747.8,2124.7,2747.88,243,244,246
0034.jpg,0035.jpg,2150.06,2394.97,2150.48,2394.4,132,133,135
0034.jpg,0036.jpg,1872.85,1462.42,1872.51,1462.23,220,221,223
0034.jpg,0037.jpg,2039.66,2626.43,2037.91,2625.61,224,225,227
0034.jpg,0038.jpg,2743.11,2010.46,2738.06,2010.56,169,170,172
0034.jpg,0039.jpg,2059.74,1982.7,2056.11,1982.52,239,240,244
0034.jpg,0040.jpg,2142.38,2611.81,2139.16,2611.61,209,209,209
0035.jpg,0001.jpg,2591.91,2781.98,2649.61,2777.18,254,255,255
0035.jpg,0002.jpg,2557.72,1476.84,2612.53,1481.25,245,246,248
0035.jpg,0003.jpg,1456.17,1443.44,1477.38,1437.14,237,238,242
0035.jpg,0004.jpg,1534.94,2104.89,1575.09,2102.93,85,86,88
0035.jpg,0005.jpg,1525.84,1457.63,1545.66,1454.62,134,135,139
0035.jpg,0006.jpg,1576.33,1990.47,1614.89,1989.33,218,219,221
0035.jpg,0007.jpg,1576.33,1990.47,1613.94,1989.9,218,219,221
0035.jpg,0008.jpg,1467.87,2652.37,1510.93,2656.17,215,216,218
0035.jpg,0009.jpg,2716.39,1706.43,2762.17,1709.29,230,231,233
0035.jpg,0010.jpg,2094.09,1446.1,2135.55,1447.04,199,200,202
0035.jpg,0011.jpg,2248.53,1636.88,2292.13,1637.17,161,162,164
0035.jpg,0012.jpg,1572.51,1981.79,1601.86,1981.9,144,145,147
0035.jpg,0013.jpg,2065.89,1422.76,2103.14,1422.81,64,64,64
0035.jpg,0014.jpg,1699.82,2772.73,1744.09,2774.98,222,223,225
0035.jpg,0015.jpg,1496.72,1768.93,1515.07,1767.25,247,248,250
0035.jpg,0016.jpg,1758.31,2725.49,1798.35,2727.04,227,228,230
0035.jpg,0017.jpg,2595.9,1480.41,2637.41,1484.66,212,213,215
0035.jpg,0018.jpg,2591.91,2781.98,2633.61,2779.15,254,255,255
0035.jpg,0019.jpg,1688.85,2778.52,1719.78,2780.52,211,213,212
0035.jpg,0020.jpg,1699.82,2772.73,1727.02,2774.06,222,223,225
0035.jpg,0021.jpg,1699.82,2772.73,1724.0,2773.84,222,223,225
0035.jpg,0022.jpg,2230.54,2774.73,2767.6,2053.2,100,101,103
0035.jpg,0023.jpg,1745.99,2644.56,1763.93,2644.18,218,219,221
0035.jpg,0024.jpg,1619.7,2633.55,1631.93,2634.77,205,206,208
0035.jpg,0025.jpg,1646.24,2043.76,1653.98,2043.85,125,127,126
0035.jpg,0026.jpg,1758.31,2725.49,1770.93,2725.89,227,228,230
0035.jpg,0027.jpg,1619.64,2594.87,1626.58,2596.13,132,133,135
0035.jpg,0028.jpg,1529.82,2024.37,1533.22,2023.29,243,244,246
0035.jpg,0029.jpg,2018.8,2388.72,2026.33,2389.26,204,205,207
0035.jpg,0030.jpg,1751.38,2072.64,1754.69,2072.55,244,245,247
0035.jpg,0031.jpg,2096.05,1427.06,2099.41,1427.18,204,205,207
0035.jpg,0032.jpg,2096.05,1427.06,2098.57,1427.25,204,205,207
0035.jpg,0033.jpg,2103.86,2587.11,2105.55,2587.41,244,246,245
0035.jpg,0034.jpg,2622.23,1827.26,2623.81,1827.14,243,244,246
0035.jpg,0036.jpg,2079.0,1893.34,2077.68,1893.15,200,200,202
0035.jpg,0037.jpg,1788.99,2741.94,1787.5,2741.93,240,241,243
0035.jpg,0038.jpg,2453.4,1478.59,2450.61,1478.38,220,221,223
0035.jpg,0039.jpg,1646.24,2043.76,1645.12,2043.75,125,127,126
0035.jpg,0040.jpg,2096.05,1427.06,2093.14,1427.18,204,205,207
0036.jpg,0001.jpg,1447.42,1596.73,1478.77,1594.84,195,196,198
0036.jpg,0002.jpg,2760.67,1426.47,1447.39,2780.81,2,2,2
0036.jpg,0003.jpg,2528.52,2774.17,2589.64,2769.35,250,251,253
0036.jpg,0004.jpg,2225.84,1667.99,2275.32,1668.98,119,120,122
0036.jpg,0005.jpg,2705.59,2558.38,2774.34,2554.2,252,253,255
0036.jpg,0006.jpg,1576.98,1990.31,1614.89,1989.33,232,233,235
0036.jpg,0007.jpg,2528.52,2774.17,2588.03,2769.3,250,251,253
0036.jpg,0008.jpg,2225.84,1667.99,2273.37,1669.2,119,120,122
0036.jpg,0009.jpg,2225.84,1667.99,2271.93,1669.56,119,120,122
0036.jpg,0010.jpg,2225.84,1667.99,2270.66,1669.07,119,120,122
0036.jpg,0011.jpg,2225.84,1667.99,2269.9,1669.02,119,120,122
0036.jpg,0012.jpg,1861.96,2616.0,1918.17,2618.07,245,246,248
0036.jpg,0013.jpg,2691.26,1804.6,2736.04,1806.35,224,225,227
0036.jpg,0014.jpg,2580.02,2790.26,2629.91,2786.57,62,62,62
0036.jpg,0015.jpg,2580.02,2790.26,2629.28,2786.48,62,62,62
0036.jpg,0016.jpg,1757.62,2725.41,1798.35,2727.04,223,224,226
0036.jpg,0017.jpg,2587.27,2769.96,2631.27,2766.92,244,245,247
0036.jpg,0018.jpg,1532.52,1880.54,1547.15,1878.86,185,186,188
0036.jpg,0019.jpg,1445.67,2677.53,1461.53,2680.5,216,217,219
0036.jpg,0020.jpg,1550.58,2051.81,1564.46,2051.99,191,192,194
0036.jpg,0021.jpg,2569.62,1482.24,2601.8,1484.63,126,127,129
0036.jpg,0022.jpg,1861.96,2616.0,1887.51,2616.39,245,246,248
0036.jpg,0023.jpg,1757.62,2725.41,1778.22,2726.57,223,224,226
0036.jpg,0024.jpg,2104.43,1493.69,2121.39,1494.31,210,211,213
0036.jpg,0025.jpg,2111.83,1802.81,2132.27,1802.43,240,241,243
0036.jpg,0026.jpg,2180.5,2539.06,2194.25,2538.39,208,209,211
0036.jpg,0027.jpg,1478.67,2112.67,1481.59,2112.72,243,244,246
0036.jpg,0028.jpg,1757.62,2725.41,1766.87,2725.47,223,224,226
0036.jpg,0029.jpg,2598.41,1492.58,2610.03,1493.86,254,255,255
0036.jpg,0030.jpg,2743.65,2782.79,2754.91,2782.27,237,238,240
0036.jpg,0031.jpg,1550.58,2051.81,1552.33,2052.33,191,192,194
0036.jpg,0032.jpg,1757.62,2725.41,1760.9,2725.68,223,224,226
0036.jpg,0033.jpg,2180.5,2539.06,2182.87,2538.64,208,209,211
0036.jpg,0034.jpg,2482.46,1903.41,2484.17,1902.88,225,226,228
0036.jpg,0035.jpg,2129.96,1767.87,2130.79,1767.96,176,177,179
0036.jpg,0037.jpg,2415.16,2235.0,2413.99,2234.99,244,244,246
0036.jpg,0038.jpg,2448.22,1899.17,2446.4,1899.93,244,245,247
0036.jpg,0039.jpg,2513.86,2723.51,2511.82,2723.24,240,241,243
0036.jpg,0040.jpg,1702.72,2104.6,1701.6,2103.55,219,220,222
0037.jpg,0001.jpg,1443.64,1444.56,1463.64,1437.83,238,239,241
0037.jpg,0002.jpg,2143.77,2778.54,2191.9,2777.73,223,224,226
0037.jpg,0003.jpg,2458.39,1427.22,2520.23,1431.45,242,243,245
0037.jpg,0004.jpg,2458.39,1427.22,2519.99,1431.03,242,243,245
0037.jpg,0005.jpg,1907.84,1431.58,1947.65,1429.73,220,221,223
0037.jpg,0006.jpg,1443.64,1444.56,1461.75,1438.0,238,239,241
0037.jpg,0007.jpg,1488.02,1436.76,1505.49,1431.17,211,212,214
0037.jpg,0008.jpg,1475.32,1493.02,1497.54,1489.3,194,195,197
0037.jpg,0009.jpg,2693.74,1756.48,2742.35,1759.28,210,211,213
0037.jpg,0010.jpg,2679.08,1760.57,2727.51,1763.26,214,215,217
0037.jpg,0011.jpg,2225.53,1668.76,2269.9,1669.02,175,176,178
0037.jpg,0012.jpg,2417.87,2477.02,2475.87,2476.13,227,228,230
0037.jpg,0013.jpg,2184.86,1422.04,2225.53,1422.95,66,66,66
0037.jpg,0014.jpg,2701.7,2699.89,2755.68,2695.62,231,232,234
0037.jpg,0015.jpg,1882.91,1442.14,1911.41,1440.66,230,231,233
0037.jpg,0016.jpg,1757.72,2725.27,1798.35,2727.04,201,202,204
0037.jpg,0017.jpg,2184.86,1422.04,2218.71,1422.89,66,66,66
0037.jpg,0018.jpg,1757.72,2725.27,1792.43,2726.82,201,202,204
0037.jpg,0019.jpg,1488.02,1436.76,1489.8,1433.39,211,212,214
0037.jpg,0020.jpg,1960.88,1475.73,1981.74,1474.83,248,249,251
0037.jpg,0021.jpg,2411.45,2219.86,2453.33,2218.86,193,194,196
0037.jpg,0022.jpg,1503.82,2653.31,1515.59,2656.93,190,191,193
0037.jpg,0023.jpg,1477.08,1821.16,1482.41,1820.03,253,254,255
0037.jpg,0024.jpg,1757.72,2725.27,1775.47,2726.25,201,202,204
0037.jpg,0025.jpg,1842.17,1740.09,1854.98,1739.63,186,187,189
0037.jpg,0026.jpg,2225.53,1668.76,2241.24,1668.2,175,176,178
0037.jpg,0027.jpg,2073.15,1561.84,2084.02,1561.55,216,217,219
0037.jpg,0028.jpg,2225.53,1668.76,2237.45,1668.58,175,176,178
0037.jpg,0029.jpg,2060.81,2717.26,2069.06,2717.15,254,255,255
0037.jpg,0030.jpg,2155.13,1612.5,2162.36,1611.63,211,215,218
0037.jpg,0031.jpg,2745.38,1424.28,2756.23,1425.25,0,0,0
0037.jpg,0032.jpg,2745.38,1424.28,2754.18,1425.25,0,0,0
0037.jpg,0033.jpg,2745.38,1424.28,2752.29,1425.46,0,0,0
0037.jpg,0034.jpg,2109.6,1472.9,2111.79,1472.91,203,204,208
0037.jpg,0035.jpg,2526.76,1878.73,2528.79,1879.13,223,224,226
0037.jpg,0036.jpg,1539.26,1740.93,1539.44,1740.69,202,203,205
0037.jpg,0038.jpg,1543.24,1751.74,1543.05,1751.71,217,218,220
0037.jpg,0039.jpg,1532.28,1761.9,1531.7,1761.67,190,191,193
0037.jpg,0040.jpg,2323.86,1863.53,2322.94,1863.98,177,178,180
0038.jpg,0001.jpg,2609.2,1584.15,2662.03,1588.86,229,233,234
0038.jpg,0002.jpg,1487.23,2095.5,1528.23,2092.87,179,180,182
0038.jpg,0003.jpg,2757.92,2287.34,1446.99,2648.66,0,0,0
0038.jpg,0004.jpg,1493.48,2110.21,1533.54,2110.07,140,144,147
0038.jpg,0005.jpg,2225.25,1668.39,2275.12,1669.44,181,182,186
0038.jpg,0006.jpg,2733.44,2746.15,2791.43,2740.21,232,233,235
0038.jpg,0007.jpg,2722.11,2649.23,2785.8,2645.55,157,158,162
0038.jpg,0008.jpg,2526.54,2774.17,2587.58,2770.76,245,246,250
0038.jpg,0009.jpg,2757.92,2287.34,1442.15,2630.65,0,0,0
0038.jpg,0010.jpg,2733.44,2746.15,2789.36,2740.66,232,233,235
0038.jpg,0011.jpg,2225.25,1668.39,2269.9,1669.02,181,182,186
0038.jpg,0012.jpg,2679.1,1760.69,2725.63,1763.54,234,235,237
0038.jpg,0013.jpg,2628.96,1637.85,2675.63,1640.68,122,123,125
0038.jpg,0014.jpg,1428.52,2688.09,1456.67,2691.11,243,244,248
0038.jpg,0015.jpg,2733.44,2746.15,2784.35,2741.2,232,233,235
0038.jpg,0016.jpg,2597.93,1474.21,2642.88,1477.95,152,153,155
0038.jpg,0017.jpg,2434.06,1426.94,2480.64,1428.97,208,209,211
0038.jpg,0018.jpg,2095.4,1871.86,2140.84,1872.01,206,206,206
0038.jpg,0019.jpg,2609.2,1584.15,2646.67,1586.82,229,233,234
0038.jpg,0020.jpg,1826.55,1429.45,1844.91,1428.12,224,225,227
0038.jpg,0021.jpg,1729.55,1589.27,1750.05,1587.69,224,225,227
0038.jpg,0022.jpg,2597.93,1474.21,2630.2,1475.98,152,153,155
0038.jpg,0023.jpg,1826.55,1429.45,1839.15,1428.04,224,225,227
0038.jpg,0024.jpg,2733.44,2746.15,2764.15,2743.51,232,233,235
0038.jpg,0025.jpg,2733.44,2746.15,2760.58,2743.64,232,233,235
0038.jpg,0026.jpg,1493.48,2110.21,1497.57,2110.07,140,144,147
0038.jpg,0027.jpg,1493.48,2110.21,1497.06,2108.64,140,144,147
0038.jpg,0028.jpg,2733.44,2746.15,2752.22,2744.72,232,233,235
0038.jpg,0029.jpg,2156.22,2541.55,2165.93,2542.02,249,250,252
0038.jpg,0030.jpg,2110.87,1495.47,2119.08,1494.58,167,168,170
0038.jpg,0031.jpg,2116.53,1465.03,2121.67,1466.28,211,213,212
0038.jpg,0032.jpg,2597.93,1474.21,2605.44,1473.73,152,153,155
0038.jpg,0033.jpg,2597.93,1474.21,2604.06,1475.41,152,153,155
0038.jpg,0034.jpg,2642.63,1588.77,2646.57,1589.5,117,118,120
0038.jpg,0035.jpg,2526.54,2774.17,2529.42,2773.63,245,246,250
0038.jpg,0036.jpg,2041.62,2664.65,2041.56,2664.7,213,213,213
0038.jpg,0037.jpg,2597.93,1474.21,2598.95,1475.58,152,153,155
0038.jpg,0039.jpg,1505.05,2038.19,1504.99,2037.44,197,198,200
0038.jpg,0040.jpg,1482.68,1784.61,1482.15,1784.9,186,187,189
0039.jpg,0001.jpg,1919.53,1430.02,1963.73,1428.41,235,236,238
0039.jpg,0002.jpg,2561.29,1426.63,2621.08,1432.25,240,241,243
0039.jpg,0003.jpg,2399.99,1888.64,2463.33,1889.83,230,231,235
0039.jpg,0004.jpg,2678.33,1760.8,2729.16,1763.87,217,218,220
0039.jpg,0005.jpg,1905.63,1431.38,1947.65,1429.73,219,220,222
0039.jpg,0006.jpg,1430.13,1591.38,1457.77,1587.3,163,164,168
0039.jpg,0007.jpg,2678.33,1760.8,2728.66,1763.58,217,218,220
0039.jpg,0008.jpg,1955.37,1472.25,1996.06,1470.44,207,208,210
0039.jpg,0009.jpg,2693.06,1756.78,2742.35,1759.28,231,232,234
0039.jpg,0010.jpg,1512.43,1432.24,1528.45,1427.22,217,217,219
0039.jpg,0011.jpg,1751.84,2085.21,1789.78,2084.82,192,192,194
0039.jpg,0012.jpg,2417.48,2477.63,2475.87,2476.13,211,212,214
0039.jpg,0013.jpg,2614.77,1523.64,2664.19,1528.32,239,240,242
0039.jpg,0014.jpg,2604.2,1437.23,2652.52,1442.02,238,239,241
0039.jpg,0015.jpg,1492.77,1537.3,1502.02,1532.83,222,223,225
0039.jpg,0016.jpg,2418.36,1839.34,2466.93,1839.89,233,235,234
0039.jpg,0017.jpg,2678.33,1760.8,2719.0,1763.46,217,218,220
0039.jpg,0018.jpg,1955.37,1472.25,1979.75,1470.74,207,208,210
0039.jpg,0019.jpg,1723.9,2110.89,1744.88,2110.9,214,215,217
0039.jpg,0020.jpg,2391.34,2506.99,2428.67,2506.57,243,244,246
0039.jpg,0021.jpg,1723.9,2110.89,1740.78,2111.07,214,215,217
0039.jpg,0022.jpg,1592.79,2778.75,1613.55,2780.91,235,235,237
0039.jpg,0023.jpg,2689.25,1804.39,2719.27,1805.41,197,198,200
0039.jpg,0024.jpg,1739.0,2129.21,1751.43,2129.25,228,229,231
0039.jpg,0025.jpg,2732.86,1716.88,2756.71,1717.85,190,191,193
0039.jpg,0026.jpg,1754.61,2768.15,1770.62,2768.57,221,222,224
0039.jpg,0027.jpg,2104.3,1470.4,2117.07,1469.17,110,111,113
0039.jpg,0028.jpg,1592.79,2778.75,1600.72,2779.73,235,235,237
0039.jpg,0029.jpg,2030.09,2766.62,2038.82,2766.87,146,147,149
0039.jpg,0030.jpg,1512.43,1432.24,1511.24,1431.08,217,217,219
0039.jpg,0031.jpg,2082.37,1658.48,2089.97,1659.4,217,218,220
0039.jpg,0032.jpg,1756.61,2725.65,1760.9,2725.68,244,245,247
0039.jpg,0033.jpg,2147.12,2417.86,2151.09,2417.88,124,125,127
0039.jpg,0034.jpg,2741.57,2783.3,2746.59,2782.72,226,227,229
0039.jpg,0035.jpg,2152.3,2642.39,2154.34,2642.38,228,229,231
0039.jpg,0036.jpg,2688.07,2126.94,2690.99,2126.41,254,255,255
0039.jpg,0037.jpg,1531.7,1761.67,1532.28,1761.9,235,236,238
0039.jpg,0038.jpg,1496.44,1801.93,1496.31,1802.01,196,197,199
0039.jpg,0040.jpg,1526.1,2179.35,1526.31,2179.36,244,245,247
0040.jpg,0001.jpg,2554.69,1477.46,2613.09,1481.96,230,231,233
0040.jpg,0002.jpg,1487.09,2095.16,1528.23,2092.87,191,191,193
0040.jpg,0003.jpg,1487.09,2095.16,1527.99,2094.99,191,191,193
0040.jpg,0004.jpg,1954.6,1461.52,1995.25,1460.62,137,141,144
0040.jpg,0005.jpg,2593.87,1480.8,2649.04,1484.96,206,207,209
0040.jpg,0006.jpg,2593.87,1480.8,2648.75,1485.48,206,207,209
0040.jpg,0007.jpg,1443.36,1444.47,1460.2,1438.27,205,206,208
0040.jpg,0008.jpg,2728.18,2791.61,2785.56,2785.7,68,68,68
0040.jpg,0009.jpg,1509.73,1433.5,1527.06,1428.34,217,218,220
0040.jpg,0010.jpg,2518.09,2743.31,2576.4,2740.4,215,216,218
0040.jpg,0011.jpg,1744.58,2596.62,1795.69,2598.68,233,234,236
0040.jpg,0012.jpg,2593.87,1480.8,2644.87,1484.84,206,207,209
0040.jpg,0013.jpg,1796.71,2716.96,1847.05,2719.54,183,184,186
0040.jpg,0014.jpg,1796.71,2716.96,1845.58,2718.08,183,184,186
0040.jpg,0015.jpg,1443.36,1444.47,1449.96,1439.48,205,206,208
0040.jpg,0016.jpg,2593.87,1480.8,2639.17,1483.71,206,207,209
0040.jpg,0017.jpg,2192.2,2587.66,2227.7,2586.69,215,216,218
0040.jpg,0018.jpg,2738.03,1581.29,2624.2,1427.22,143,144,146
0040.jpg,0019.jpg,1753.16,2109.78,1775.16,2110.16,226,227,229
0040.jpg,0020.jpg,1443.36,1444.47,1444.49,1441.43,205,206,208
0040.jpg,0021.jpg,2093.79,2555.39,2119.66,2555.34,208,209,211
0040.jpg,0022.jpg,1724.07,2113.0,1738.99,2112.62,201,202,204
0040.jpg,0023.jpg,2689.78,1804.49,2719.27,1805.41,240,241,243
0040.jpg,0024.jpg,1814.18,1444.8,1824.47,1443.43,147,148,150
0040.jpg,0025.jpg,1537.31,2042.85,1543.24,2043.15,178,180,179
0040.jpg,0026.jpg,1441.01,1671.75,1441.73,1669.85,250,251,253
0040.jpg,0027.jpg,2449.67,1478.12,2469.01,1478.99,208,209,211
0040.jpg,0028.jpg,2278.44,1696.29,2291.84,1696.01,231,232,234
0040.jpg,0029.jpg,2641.27,2174.48,2659.45,2175.37,239,241,240
0040.jpg,0030.jpg,2084.04,1548.62,2090.26,1549.4,227,227,229
0040.jpg,0031.jpg,1535.86,2199.16,1537.12,2199.61,215,216,218
0040.jpg,0032.jpg,2038.99,1512.67,2043.11,1512.32,193,194,196
0040.jpg,0033.jpg,1978.99,2779.9,1984.59,2780.09,228,229,231
0040.jpg,0034.jpg,2184.49,2715.24,2187.83,2714.39,176,177,179
0040.jpg,0035.jpg,2187.12,1561.35,2188.57,1562.03,254,255,255
0040.jpg,0036.jpg,2744.24,1424.19,2747.25,1424.92,0,0,0
0040.jpg,0037.jpg,2445.86,1496.04,2447.33,1496.46,208,209,211
0040.jpg,0038.jpg,1525.09,1761.43,1524.43,1761.43,244,245,247
0040.jpg,0039.jpg,1552.61,1772.46,1552.83,1772.53,197,198,200
