193431
0001.jpg,0002.jpg,2428.21,2516.61,2429.03,2515.91,250,252,251
0001.jpg,0003.jpg,1756.12,2641.64,1756.1,2641.97,209,211,210
0001.jpg,0004.jpg,1749.69,1899.34,1750.52,1899.91,231,232,234
0001.jpg,0005.jpg,1572.42,1891.39,1574.28,1890.59,155,156,158
0001.jpg,0006.jpg,1759.28,2104.94,1762.39,2104.79,128,129,131
0001.jpg,0007.jpg,2595.39,1474.8,2603.1,1474.98,254,255,255
0001.jpg,0008.jpg,1503.7,2107.15,1507.52,2107.07,202,206,209
0001.jpg,0009.jpg,1413.82,2512.45,1422.85,2513.72,242,243,245
0001.jpg,0010.jpg,1554.05,2081.31,1561.81,2080.92,225,226,228
0001.jpg,0011.jpg,1413.82,2512.45,1428.01,2514.17,242,243,245
0001.jpg,0012.jpg,2595.39,1474.8,2615.33,1475.82,254,255,255
0001.jpg,0013.jpg,2208.98,1538.32,2227.72,1539.79,233,234,236
0001.jpg,0014.jpg,2168.7,2779.54,2188.43,2779.54,231,232,234
0001.jpg,0015.jpg,1538.27,2118.69,1554.55,2118.81,147,148,150
0001.jpg,0016.jpg,1733.38,2098.45,1753.15,2099.19,245,246,248
0001.jpg,0017.jpg,2211.11,2582.32,2236.71,2580.97,158,159,161
0001.jpg,0018.jpg,2075.09,2512.88,2101.92,2512.89,158,159,161
0001.jpg,0019.jpg,2595.39,1474.8,2623.24,1476.29,254,255,255
0001.jpg,0020.jpg,2617.58,1475.29,2645.55,1477.97,148,149,151
0002.jpg,0001.jpg,1441.09,1442.74,1441.08,1442.5,250,251,253
0002.jpg,0003.jpg,1882.83,1477.3,1882.78,1477.12,200,200,202
0002.jpg,0004.jpg,2729.81,2152.63,2733.08,2153.67,249,250,252
0002.jpg,0005.jpg,1733.33,2099.17,1734.98,2098.37,248,249,251
0002.jpg,0006.jpg,2236.94,2513.15,2242.16,2513.08,223,224,226
0002.jpg,0007.jpg,2253.07,2660.39,2259.18,2660.19,238,239,241
0002.jpg,0008.jpg,2121.54,2558.46,2131.09,2557.67,253,255,254
0002.jpg,0009.jpg,2014.86,1473.04,2023.85,1472.96,254,255,255
0002.jpg,0010.jpg,1929.73,1549.82,1940.69,1548.73,205,206,208
0002.jpg,0011.jpg,1413.74,2513.1,1428.01,2514.17,190,191,193
0002.jpg,0012.jpg,2014.86,1473.04,2029.57,1472.69,254,255,255
0002.jpg,0013.jpg,1882.83,1477.3,1897.79,1476.79,200,200,202
0002.jpg,0014.jpg,2095.53,1549.09,2114.6,1549.03,254,255,255
0002.jpg,0015.jpg,2014.86,1473.04,2035.18,1472.56,254,255,255
0002.jpg,0016.jpg,2126.28,2779.02,2148.26,2778.83,222,223,225
0002.jpg,0017.jpg,1441.09,1442.74,1450.03,1439.54,250,251,253
0002.jpg,0018.jpg,2091.36,1521.3,2114.09,1520.57,209,209,211
0002.jpg,0019.jpg,1490.14,2095.13,1510.86,2094.92,248,249,251
0002.jpg,0020.jpg,1627.07,2634.88,1655.49,2635.94,191,192,194
0003.jpg,0001.jpg,2284.32,2518.54,2283.09,2518.27,114,115,117
0003.jpg,0002.jpg,1544.35,1750.24,1544.54,1750.19,246,248,247
0003.jpg,0004.jpg,2177.68,2414.42,2178.55,2414.33,251,251,251
0003.jpg,0005.jpg,2134.08,2748.22,2136.46,2747.28,230,232,231
0003.jpg,0006.jpg,1441.88,1442.69,1441.69,1442.49,224,225,227
0003.jpg,0007.jpg,1481.52,2650.2,1484.73,2649.52,186,187,189
0003.jpg,0008.jpg,1751.09,2110.46,1755.18,2110.42,224,224,226
0003.jpg,0009.jpg,2587.82,1474.73,2599.71,1475.25,145,146,148
0003.jpg,0010.jpg,1751.09,2110.46,1760.43,2110.46,224,224,226
0003.jpg,0011.jpg,1965.5,1470.65,1976.14,1471.1,218,218,218
0003.jpg,0012.jpg,1441.88,1442.69,1445.27,1440.61,224,225,227
0003.jpg,0013.jpg,2177.68,2414.42,2197.59,2414.36,251,251,251
0003.jpg,0014.jpg,1441.88,1442.69,1447.24,1440.52,224,225,227
0003.jpg,0015.jpg,2596.71,1474.21,2620.23,1476.38,254,255,255
0003.jpg,0016.jpg,2560.71,1491.36,2586.53,1493.66,204,206,205
0003.jpg,0017.jpg,1441.88,1442.69,1450.03,1439.54,224,225,227
0003.jpg,0018.jpg,1441.88,1442.69,1450.45,1439.79,224,225,227
0003.jpg,0019.jpg,2596.71,1474.21,2623.24,1476.29,254,255,255
0003.jpg,0020.jpg,1441.88,1442.69,1451.23,1439.8,224,225,227
0004.jpg,0001.jpg,1657.16,2008.86,1656.23,2009.89,254,255,255
0004.jpg,0002.jpg,2199.31,1422.19,2198.21,1421.88,64,64,64
0004.jpg,0003.jpg,1515.79,2243.86,1515.1,2243.24,240,241,243
0004.jpg,0005.jpg,1497.49,2221.88,1498.28,2222.46,217,217,219
0004.jpg,0006.jpg,1793.63,2133.34,1795.94,2133.43,247,248,250
0004.jpg,0007.jpg,1497.49,2221.88,1500.46,2222.09,217,217,219
0004.jpg,0008.jpg,1515.79,2243.86,1519.34,2243.29,240,241,243
0004.jpg,0009.jpg,2174.96,2751.33,2183.59,2751.89,230,231,233
0004.jpg,0010.jpg,1474.22,2638.32,1481.5,2639.14,241,242,244
0004.jpg,0011.jpg,2615.87,1482.34,2631.11,1482.67,250,251,253
0004.jpg,0012.jpg,2117.8,1494.04,2132.04,1493.78,249,250,252
0004.jpg,0013.jpg,1497.49,2221.88,1510.61,2222.41,217,217,219
0004.jpg,0014.jpg,1441.32,1443.11,1447.24,1440.52,252,253,255
0004.jpg,0015.jpg,2067.17,2382.0,2091.49,2381.42,149,153,156
0004.jpg,0016.jpg,2174.96,2751.33,2196.42,2751.4,230,231,233
0004.jpg,0017.jpg,2117.8,1494.04,2140.2,1494.44,249,250,252
0004.jpg,0018.jpg,1569.1,1968.21,1587.79,1966.49,198,200,199
0004.jpg,0019.jpg,2662.11,1618.18,2685.75,1619.17,234,236,235
0004.jpg,0020.jpg,2174.96,2751.33,2198.85,2750.46,230,231,233
0005.jpg,0001.jpg,2297.72,2773.74,2295.14,2773.98,181,182,184
0005.jpg,0002.jpg,2212.19,1549.02,2210.45,1548.15,254,255,255
0005.jpg,0003.jpg,1722.8,2099.37,1721.91,2099.94,221,222,224
0005.jpg,0004.jpg,2493.42,2760.62,2490.25,2760.47,251,252,254
0005.jpg,0006.jpg,2560.33,2781.75,2562.29,2781.65,247,248,250
0005.jpg,0007.jpg,2479.83,1535.07,2483.81,1535.8,250,252,251
0005.jpg,0008.jpg,1945.78,2034.0,1956.04,2034.55,242,244,243
0005.jpg,0009.jpg,1722.8,2099.37,1728.45,2099.82,221,222,224
0005.jpg,0010.jpg,1531.26,1956.42,1536.26,1956.23,214,215,217
0005.jpg,0011.jpg,1760.99,2072.7,1770.81,2072.3,232,233,235
0005.jpg,0012.jpg,1759.97,2499.24,1778.66,2500.48,254,255,255
0005.jpg,0013.jpg,2394.48,2139.3,2421.09,2139.18,230,231,233
0005.jpg,0014.jpg,1441.23,1442.47,1447.24,1440.52,226,227,229
0005.jpg,0015.jpg,2172.51,2540.92,2194.12,2542.08,241,242,244
0005.jpg,0016.jpg,1760.99,2072.7,1780.27,2072.44,232,233,235
0005.jpg,0017.jpg,2171.03,2779.5,2191.16,2779.38,222,224,223
0005.jpg,0018.jpg,2607.73,2685.98,2636.59,2683.76,225,226,228
0005.jpg,0019.jpg,1760.96,2598.26,1788.88,2598.49,203,204,206
0005.jpg,0020.jpg,1441.23,1442.47,1451.23,1439.8,226,227,229
0006.jpg,0001.jpg,2701.02,1777.79,2695.0,1777.51,249,249,249
0006.jpg,0002.jpg,1578.01,1981.45,1575.18,1981.55,134,135,137
0006.jpg,0003.jpg,1462.71,1633.98,1462.02,1634.37,232,233,235
0006.jpg,0004.jpg,1915.0,1477.83,1913.58,1478.43,248,249,251
0006.jpg,0005.jpg,2218.21,1422.13,2216.13,1422.12,63,63,63
0006.jpg,0007.jpg,1545.04,2013.4,1546.43,2013.02,204,205,207
0006.jpg,0008.jpg,2242.16,2513.08,2246.28,2512.57,207,208,210
0006.jpg,0009.jpg,1743.28,1579.94,1748.89,1579.98,162,163,165
0006.jpg,0010.jpg,1743.28,1579.94,1750.85,1579.4,162,163,165
0006.jpg,0011.jpg,1743.28,1579.94,1753.43,1579.0,162,163,165
0006.jpg,0012.jpg,2600.5,1474.9,2615.33,1475.82,222,223,225
0006.jpg,0013.jpg,1915.0,1477.83,1927.78,1477.43,248,249,251
0006.jpg,0014.jpg,1668.99,2778.79,1689.12,2779.81,201,202,204
0006.jpg,0015.jpg,1462.71,1633.98,1473.94,1632.67,232,233,235
0006.jpg,0016.jpg,2018.2,2342.54,2040.62,2343.03,159,160,162
0006.jpg,0017.jpg,2107.38,2498.87,2129.18,2499.2,254,255,255
0006.jpg,0018.jpg,2613.34,1492.24,2634.47,1493.0,223,224,226
0006.jpg,0019.jpg,2613.34,1492.24,2634.72,1492.71,223,224,226
0006.jpg,0020.jpg,1625.28,1746.02,1644.26,1744.78,202,203,205
0007.jpg,0001.jpg,2095.32,2560.87,2089.92,2562.35,226,227,229
0007.jpg,0002.jpg,2100.85,1548.79,2095.53,1549.09,254,255,255
0007.jpg,0003.jpg,2603.1,1474.98,2596.71,1474.21,250,251,253
0007.jpg,0004.jpg,1522.0,2036.68,1520.97,2035.65,212,213,215
0007.jpg,0005.jpg,2676.97,2113.75,2671.51,2116.39,234,235,237
0007.jpg,0006.jpg,2490.85,1507.89,2488.52,1507.8,247,248,250
0007.jpg,0008.jpg,1975.25,1475.77,1976.88,1475.51,211,212,214
0007.jpg,0009.jpg,1995.72,1576.57,2000.78,1577.14,130,131,133
0007.jpg,0010.jpg,1534.5,2112.01,1539.56,2114.09,247,249,248
0007.jpg,0011.jpg,2082.89,2558.95,2091.85,2558.84,246,247,249
0007.jpg,0012.jpg,2169.34,2418.5,2179.12,2416.98,123,124,126
0007.jpg,0013.jpg,1834.12,1423.69,1844.16,1422.77,64,64,64
0007.jpg,0014.jpg,1796.57,2132.81,1811.25,2133.01,219,220,222
0007.jpg,0015.jpg,1629.43,2010.34,1643.32,2010.2,223,225,224
0007.jpg,0016.jpg,1834.12,1423.69,1847.9,1422.73,64,64,64
0007.jpg,0017.jpg,2121.96,1494.06,2140.2,1494.44,183,184,186
0007.jpg,0018.jpg,2353.21,2777.42,2374.38,2776.86,249,251,250
0007.jpg,0019.jpg,1975.25,1475.77,1992.53,1475.0,211,212,214
0007.jpg,0020.jpg,1834.12,1423.69,1851.05,1422.69,64,64,64
0008.jpg,0001.jpg,2176.28,2779.66,2168.7,2779.54,254,255,255
0008.jpg,0002.jpg,2060.74,2441.41,2052.53,2440.8,252,253,255
0008.jpg,0003.jpg,2176.28,2779.66,2168.98,2779.63,254,255,255
0008.jpg,0004.jpg,1574.29,2013.74,1570.65,2014.27,253,254,255
0008.jpg,0005.jpg,2136.18,1465.48,2131.6,1465.12,219,220,222
0008.jpg,0006.jpg,1787.86,2109.11,1785.77,2109.14,209,210,212
0008.jpg,0007.jpg,2268.72,1636.87,2267.66,1637.16,130,131,135
0008.jpg,0009.jpg,2268.72,1636.87,2272.0,1637.32,130,131,135
0008.jpg,0010.jpg,2268.72,1636.87,2272.79,1636.78,130,131,135
0008.jpg,0011.jpg,2320.82,2748.57,2327.79,2747.32,238,242,243
0008.jpg,0012.jpg,1754.89,1580.73,1763.36,1580.08,222,223,225
0008.jpg,0013.jpg,2656.37,1420.89,2668.53,1421.75,67,67,67
0008.jpg,0014.jpg,2268.72,1636.87,2280.45,1637.14,130,131,135
0008.jpg,0015.jpg,2181.17,2751.86,2195.3,2751.1,221,222,224
0008.jpg,0016.jpg,2769.58,1425.39,2787.86,1427.41,229,230,232
0008.jpg,0017.jpg,2767.12,2742.38,2784.54,2741.68,254,255,255
0008.jpg,0018.jpg,2268.72,1636.87,2286.35,1637.17,130,131,135
0008.jpg,0019.jpg,1748.62,2260.32,1767.92,2260.86,230,231,233
0008.jpg,0020.jpg,2767.12,2742.38,2785.97,2741.33,254,255,255
0009.jpg,0001.jpg,2755.42,1712.83,2741.74,1712.04,248,249,251
0009.jpg,0002.jpg,2651.93,1563.2,2640.9,1562.58,226,227,229
0009.jpg,0003.jpg,1728.45,2099.82,1721.91,2099.94,254,255,255
0009.jpg,0004.jpg,2113.14,2498.06,2104.94,2497.88,255,255,255
0009.jpg,0005.jpg,2135.21,2778.82,2128.77,2778.82,226,227,229
0009.jpg,0006.jpg,2113.14,2498.06,2107.38,2498.87,255,255,255
0009.jpg,0007.jpg,1889.06,2616.65,1882.02,2615.86,227,228,230
0009.jpg,0008.jpg,1749.57,2389.74,1747.77,2391.26,234,235,237
0009.jpg,0010.jpg,1789.15,2108.58,1792.47,2109.21,252,254,253
0009.jpg,0011.jpg,2345.03,1802.26,2349.32,1802.75,254,255,255
0009.jpg,0012.jpg,2031.52,1523.26,2036.69,1522.36,253,255,254
0009.jpg,0013.jpg,2418.16,2135.16,2432.26,2134.93,222,223,225
0009.jpg,0014.jpg,2692.01,2756.62,2705.18,2755.65,218,219,221
0009.jpg,0015.jpg,1566.65,2545.81,1581.95,2546.79,198,199,201
0009.jpg,0016.jpg,1566.65,2545.81,1583.53,2546.72,198,199,201
0009.jpg,0017.jpg,2113.14,2498.06,2129.18,2499.2,255,255,255
0009.jpg,0018.jpg,1889.06,2616.65,1910.76,2617.64,227,228,230
0009.jpg,0019.jpg,2721.52,1805.53,2734.89,1806.51,239,240,242
0009.jpg,0020.jpg,2113.14,2498.06,2131.13,2498.39,255,255,255
0010.jpg,0001.jpg,1700.35,2074.53,1691.68,2074.26,189,190,192
0010.jpg,0002.jpg,2135.04,2441.26,2122.42,2440.7,232,233,235
0010.jpg,0003.jpg,2486.68,2394.97,2466.79,2395.17,249,250,252
0010.jpg,0004.jpg,2257.86,2526.09,2246.66,2526.05,233,235,234
0010.jpg,0005.jpg,1536.26,1956.23,1531.26,1956.42,254,255,255
0010.jpg,0006.jpg,2241.09,2625.49,2233.1,2627.78,241,242,244
0010.jpg,0007.jpg,1844.73,2675.92,1837.92,2675.85,244,245,247
0010.jpg,0008.jpg,2140.36,1567.67,2136.29,1568.07,213,214,216
0010.jpg,0009.jpg,1536.26,1956.23,1535.86,1956.77,254,255,255
0010.jpg,0011.jpg,1783.51,2727.23,1786.12,2726.68,246,247,249
0010.jpg,0012.jpg,1489.52,1434.11,1491.62,1433.1,253,254,255
0010.jpg,0013.jpg,1899.53,1441.16,1905.35,1440.48,253,254,255
0010.jpg,0014.jpg,1844.73,2675.92,1857.36,2676.75,244,245,247
0010.jpg,0015.jpg,2254.11,1662.68,2264.41,1663.48,254,255,255
0010.jpg,0016.jpg,1989.5,2772.96,2003.38,2773.01,210,211,213
0010.jpg,0017.jpg,1741.42,1739.56,1753.89,1738.61,171,172,174
0010.jpg,0018.jpg,2186.31,2740.65,2200.22,2740.65,125,126,128
0010.jpg,0019.jpg,1830.94,2663.86,1848.57,2664.6,208,209,211
0010.jpg,0020.jpg,1844.73,2675.92,1864.13,2677.04,244,245,247
0011.jpg,0001.jpg,1428.01,2514.17,1413.82,2512.45,239,240,242
0011.jpg,0002.jpg,2632.89,1605.69,2617.2,1606.32,235,236,238
0011.jpg,0003.jpg,1425.02,1437.79,1421.82,1439.75,68,69,71
0011.jpg,0004.jpg,1770.81,2072.3,1759.65,2072.87,252,254,253
0011.jpg,0005.jpg,1770.81,2072.3,1760.99,2072.7,252,254,253
0011.jpg,0006.jpg,1753.43,1579.0,1743.28,1579.94,169,170,172
0011.jpg,0007.jpg,2083.71,2517.55,2074.09,2517.02,254,255,255
0011.jpg,0008.jpg,1770.81,2072.3,1763.81,2070.94,252,254,253
0011.jpg,0009.jpg,2691.82,2120.9,2685.27,2121.65,182,183,185
0011.jpg,0010.jpg,1425.02,1437.79,1423.76,1437.38,68,69,71
0011.jpg,0012.jpg,2083.71,2517.55,2085.71,2517.69,254,255,255
0011.jpg,0013.jpg,1770.81,2072.3,1774.11,2071.74,252,254,253
0011.jpg,0014.jpg,1425.02,1437.79,1427.94,1437.31,68,69,71
0011.jpg,0015.jpg,1425.02,1437.79,1429.08,1436.78,68,69,71
0011.jpg,0016.jpg,1425.02,1437.79,1430.44,1436.53,68,69,71
0011.jpg,0017.jpg,1752.52,2770.03,1768.15,2771.69,236,237,239
0011.jpg,0018.jpg,2431.51,2506.67,2445.16,2506.13,227,228,230
0011.jpg,0019.jpg,1770.81,2072.3,1783.07,2073.41,252,254,253
0011.jpg,0020.jpg,1549.09,2034.82,1561.56,2034.61,254,255,255
0012.jpg,0001.jpg,2143.27,1432.95,2126.53,1432.64,183,184,186
0012.jpg,0002.jpg,2325.08,2633.86,2308.47,2634.63,202,203,205
0012.jpg,0003.jpg,2143.27,1432.95,2127.74,1432.38,183,184,186
0012.jpg,0004.jpg,1746.22,2098.95,1733.89,2098.77,249,250,254
0012.jpg,0005.jpg,1539.88,1956.25,1531.26,1956.42,236,237,239
0012.jpg,0006.jpg,2025.87,1498.48,2015.11,1498.45,251,251,251
0012.jpg,0007.jpg,1728.21,2102.54,1719.03,2101.28,179,180,182
0012.jpg,0008.jpg,2143.27,1432.95,2134.26,1432.9,183,184,186
0012.jpg,0009.jpg,1746.22,2098.95,1740.35,2099.16,249,250,254
0012.jpg,0010.jpg,2091.79,1422.73,2087.96,1422.66,64,64,64
0012.jpg,0011.jpg,2196.78,2414.58,2193.97,2414.59,252,253,255
0012.jpg,0013.jpg,1964.58,1786.79,1967.01,1786.75,207,208,210
0012.jpg,0014.jpg,1746.22,2098.95,1750.33,2098.89,249,250,254
0012.jpg,0015.jpg,2634.24,1494.87,2639.98,1495.0,254,255,255
0012.jpg,0016.jpg,1493.33,2112.12,1500.47,2111.98,248,249,251
0012.jpg,0017.jpg,2091.79,1422.73,2100.02,1422.89,64,64,64
0012.jpg,0018.jpg,2647.03,1586.6,2654.67,1586.55,251,252,254
0012.jpg,0019.jpg,1835.78,1739.77,1846.23,1740.11,243,243,243
0012.jpg,0020.jpg,2091.79,1422.73,2100.98,1423.08,64,64,64
0013.jpg,0001.jpg,2143.71,2778.77,2125.63,2779.08,253,254,255
0013.jpg,0002.jpg,1979.78,1470.63,1965.63,1472.12,209,210,212
0013.jpg,0003.jpg,1979.78,1470.63,1965.5,1470.65,209,210,212
0013.jpg,0004.jpg,2650.25,1555.78,2630.93,1554.39,249,250,252
0013.jpg,0005.jpg,2177.78,2590.66,2161.79,2592.32,208,208,208
0013.jpg,0006.jpg,2143.71,2778.77,2129.95,2778.76,253,254,255
0013.jpg,0007.jpg,1844.16,1422.77,1834.12,1423.69,64,64,64
0013.jpg,0008.jpg,1820.33,1718.63,1810.25,1718.67,222,223,225
0013.jpg,0009.jpg,1673.78,2736.76,1663.18,2735.99,254,255,255
0013.jpg,0010.jpg,2087.44,2516.4,2080.45,2516.43,213,214,216
0013.jpg,0011.jpg,1521.11,2037.47,1517.41,2038.04,226,227,229
0013.jpg,0012.jpg,1678.27,2343.41,1677.14,2343.41,199,199,199
0013.jpg,0014.jpg,2765.88,2110.18,2767.43,2109.6,215,216,218
0013.jpg,0015.jpg,2096.14,2558.72,2099.95,2558.78,251,252,254
0013.jpg,0016.jpg,1525.73,2564.26,1533.07,2563.93,155,156,158
0013.jpg,0017.jpg,2087.44,2516.4,2093.83,2516.81,213,214,216
0013.jpg,0018.jpg,1510.61,2222.41,1516.92,2222.71,253,254,255
0013.jpg,0019.jpg,2163.0,2427.19,2170.38,2427.27,135,136,138
0013.jpg,0020.jpg,1844.16,1422.77,1851.05,1422.69,64,64,64
0014.jpg,0001.jpg,2188.43,2779.54,2168.7,2779.54,212,214,213
0014.jpg,0002.jpg,2114.6,1549.03,2095.53,1549.09,236,236,238
0014.jpg,0003.jpg,1779.52,2627.64,1755.95,2625.79,250,251,253
0014.jpg,0004.jpg,1803.62,2766.24,1778.53,2765.85,215,216,218
0014.jpg,0005.jpg,1779.52,2627.64,1757.61,2624.61,250,251,253
0014.jpg,0006.jpg,2188.43,2779.54,2172.54,2779.47,212,214,213
0014.jpg,0007.jpg,2188.43,2779.54,2174.82,2779.96,212,214,213
0014.jpg,0008.jpg,2124.89,1918.44,2106.21,1918.85,249,250,252
0014.jpg,0009.jpg,1569.97,2050.82,1561.18,2052.55,143,144,148
0014.jpg,0010.jpg,2191.07,2541.2,2182.45,2541.13,224,225,227
0014.jpg,0011.jpg,1687.05,2053.89,1680.72,2054.52,204,205,207
0014.jpg,0012.jpg,1447.24,1440.52,1445.27,1440.61,243,244,246
0014.jpg,0013.jpg,2380.74,1859.31,2379.04,1858.92,226,227,229
0014.jpg,0015.jpg,2355.87,2784.98,2358.0,2784.9,64,64,64
0014.jpg,0016.jpg,2201.06,2663.05,2204.31,2662.05,254,255,255
0014.jpg,0017.jpg,2426.23,2623.71,2430.31,2622.31,254,255,255
0014.jpg,0018.jpg,2188.43,2779.54,2192.91,2778.86,212,214,213
0014.jpg,0019.jpg,2426.23,2623.71,2431.24,2622.3,254,255,255
0014.jpg,0020.jpg,2456.16,1863.81,2461.84,1864.58,228,229,231
0015.jpg,0001.jpg,1880.09,1749.63,1859.35,1749.78,234,235,237
0015.jpg,0002.jpg,1442.32,1640.21,1429.26,1642.17,151,152,156
0015.jpg,0003.jpg,1571.48,2424.21,1544.03,2422.96,198,198,200
0015.jpg,0004.jpg,2620.53,2651.16,2594.5,2652.07,253,254,255
0015.jpg,0005.jpg,2230.78,2631.0,2210.86,2631.54,161,162,164
0015.jpg,0006.jpg,2730.92,1802.79,2712.63,1800.91,226,227,229
0015.jpg,0007.jpg,1614.89,1963.13,1601.89,1962.62,189,190,192
0015.jpg,0008.jpg,2788.82,2779.02,2773.81,2780.89,235,236,238
0015.jpg,0009.jpg,2769.12,2109.63,2755.84,2109.63,252,255,255
0015.jpg,0010.jpg,2173.63,2400.43,2163.01,2401.0,252,254,253
0015.jpg,0011.jpg,2230.78,2631.0,2223.25,2630.17,161,162,164
0015.jpg,0012.jpg,2685.02,2151.37,2679.12,2150.69,226,227,229
0015.jpg,0013.jpg,2769.12,2109.63,2765.88,2110.18,252,255,255
0015.jpg,0014.jpg,1489.47,1518.51,1488.14,1520.06,230,231,233
0015.jpg,0016.jpg,2595.01,2269.53,2596.59,2270.03,245,246,248
0015.jpg,0017.jpg,2209.61,2757.2,2213.04,2756.99,163,164,166
0015.jpg,0018.jpg,1770.97,1686.84,1774.1,1686.51,212,213,215
0015.jpg,0019.jpg,2145.96,2440.9,2151.27,2440.24,251,252,254
0015.jpg,0020.jpg,2230.78,2631.0,2234.52,2630.85,161,162,164
0016.jpg,0001.jpg,1562.48,1982.19,1546.04,1982.31,252,254,253
0016.jpg,0002.jpg,2148.26,2778.83,2126.28,2779.02,229,230,232
0016.jpg,0003.jpg,1800.0,2526.9,1771.76,2526.71,239,239,241
0016.jpg,0004.jpg,2196.42,2751.4,2174.96,2751.33,215,216,218
0016.jpg,0005.jpg,2148.26,2778.83,2128.77,2778.82,229,230,232
0016.jpg,0006.jpg,2148.26,2778.83,2129.95,2778.76,229,230,232
0016.jpg,0007.jpg,1800.0,2526.9,1777.43,2526.0,239,239,241
0016.jpg,0008.jpg,2787.86,1427.41,2769.58,1425.39,228,229,231
0016.jpg,0009.jpg,2699.3,2162.79,2683.41,2162.66,247,248,250
0016.jpg,0010.jpg,2498.8,1442.42,2484.72,1441.88,237,238,240
0016.jpg,0011.jpg,1662.45,2033.88,1653.59,2033.49,230,231,233
0016.jpg,0012.jpg,2248.14,2690.18,2241.38,2689.57,109,111,110
0016.jpg,0013.jpg,1588.97,1890.92,1584.11,1890.82,155,156,158
0016.jpg,0014.jpg,2139.23,1494.57,2135.86,1494.57,236,237,239
0016.jpg,0015.jpg,1821.54,2685.64,1820.11,2684.95,254,255,255
0016.jpg,0017.jpg,2227.92,2668.06,2227.71,2667.17,226,227,229
0016.jpg,0018.jpg,1694.27,2282.33,1696.72,2282.27,255,255,255
0016.jpg,0019.jpg,2196.42,2751.4,2198.51,2751.15,215,216,218
0016.jpg,0020.jpg,1802.19,2128.51,1805.82,2128.77,236,236,236
0017.jpg,0001.jpg,1820.97,2565.06,1792.41,2564.58,212,212,212
0017.jpg,0002.jpg,1985.65,1470.86,1965.63,1472.12,234,236,235
0017.jpg,0003.jpg,1503.6,1854.85,1486.42,1856.37,241,243,242
0017.jpg,0004.jpg,2129.18,2499.2,2104.94,2497.88,221,222,224
0017.jpg,0005.jpg,2191.16,2779.38,2171.03,2779.5,226,228,227
0017.jpg,0006.jpg,2236.71,2580.97,2215.67,2580.92,224,225,227
0017.jpg,0007.jpg,2115.46,2561.42,2095.32,2560.87,250,251,253
0017.jpg,0008.jpg,1840.28,1442.09,1825.4,1443.4,118,120,119
0017.jpg,0009.jpg,1747.42,2079.82,1733.03,2079.71,163,165,164
0017.jpg,0010.jpg,1817.57,2084.42,1804.22,2085.66,155,157,156
0017.jpg,0011.jpg,2760.21,2100.61,2749.75,2101.67,230,231,233
0017.jpg,0012.jpg,1516.85,2222.86,1508.71,2222.58,254,255,255
0017.jpg,0013.jpg,1583.21,1922.22,1577.51,1922.52,251,252,254
0017.jpg,0014.jpg,1950.84,1513.79,1948.34,1514.44,136,137,139
0017.jpg,0015.jpg,2047.95,2422.1,2044.56,2422.93,248,250,249
0017.jpg,0016.jpg,2443.02,2506.46,2441.07,2506.82,214,215,217
0017.jpg,0018.jpg,2148.77,2441.31,2149.53,2440.45,249,250,252
0017.jpg,0019.jpg,2236.71,2580.97,2238.11,2581.25,224,225,227
0017.jpg,0020.jpg,1583.21,1922.22,1584.77,1922.13,251,252,254
0018.jpg,0001.jpg,1575.59,2052.57,1554.98,2051.75,152,153,155
0018.jpg,0002.jpg,2022.68,1477.62,2001.84,1479.46,146,150,151
0018.jpg,0003.jpg,2494.35,2209.17,2459.5,2210.87,126,130,133
0018.jpg,0004.jpg,2608.8,1479.06,2583.86,1477.31,215,216,218
0018.jpg,0005.jpg,1700.99,2048.88,1680.95,2049.35,208,210,209
0018.jpg,0006.jpg,2634.47,1493.0,2613.34,1492.24,254,255,255
0018.jpg,0007.jpg,2150.17,2778.86,2131.39,2778.8,247,248,250
0018.jpg,0008.jpg,1839.75,1441.22,1825.4,1443.4,126,127,129
0018.jpg,0009.jpg,1910.76,2617.64,1889.06,2616.65,226,226,226
0018.jpg,0010.jpg,2347.24,2651.0,2334.08,2651.23,254,255,255
0018.jpg,0011.jpg,2445.16,2506.13,2431.51,2506.67,254,255,255
0018.jpg,0012.jpg,1553.2,2246.86,1544.21,2246.67,248,249,251
0018.jpg,0013.jpg,1516.92,2222.71,1510.61,2222.41,212,214,213
0018.jpg,0014.jpg,2252.69,2532.1,2247.99,2531.92,184,185,187
0018.jpg,0015.jpg,2634.47,1493.0,2631.77,1493.09,254,255,255
0018.jpg,0016.jpg,2176.63,2399.41,2175.36,2401.08,242,242,242
0018.jpg,0017.jpg,2149.53,2440.45,2148.77,2441.31,252,252,252
0018.jpg,0019.jpg,2252.69,2532.1,2254.0,2532.34,184,185,187
0018.jpg,0020.jpg,2634.47,1493.0,2634.79,1493.52,254,255,255
0019.jpg,0001.jpg,2623.24,1476.29,2595.39,1474.8,241,242,244
0019.jpg,0002.jpg,2575.52,2074.42,2539.13,2074.45,235,235,235
0019.jpg,0003.jpg,2623.24,1476.29,2596.71,1474.21,241,242,244
0019.jpg,0004.jpg,1775.33,1686.97,1752.07,1688.24,233,234,236
0019.jpg,0005.jpg,2788.11,1441.25,2756.73,1437.07,89,90,94
0019.jpg,0006.jpg,1775.33,1686.97,1754.33,1688.1,233,234,236
0019.jpg,0007.jpg,1472.59,1474.82,1461.53,1477.1,250,251,253
0019.jpg,0008.jpg,2575.52,2074.42,2551.32,2074.42,235,235,235
0019.jpg,0009.jpg,2575.52,2074.42,2554.13,2074.28,235,235,235
0019.jpg,0010.jpg,2619.69,2661.98,2605.58,2663.35,254,255,255
0019.jpg,0011.jpg,2654.61,1584.91,2645.2,1584.15,236,237,239
0019.jpg,0012.jpg,2694.47,2122.07,2683.23,2122.05,213,214,216
0019.jpg,0013.jpg,2038.13,1472.51,2030.88,1472.58,235,237,236
0019.jpg,0014.jpg,2191.26,2741.21,2186.77,2741.45,245,247,246
0019.jpg,0015.jpg,1601.4,2017.1,1596.45,2016.93,197,199,198
0019.jpg,0016.jpg,2791.72,2778.51,2790.04,2778.65,252,254,253
0019.jpg,0017.jpg,1775.51,2767.46,1774.13,2768.82,156,157,159
0019.jpg,0018.jpg,1542.17,1939.47,1541.15,1941.11,147,148,150
0019.jpg,0020.jpg,1884.8,1749.15,1886.26,1748.78,235,236,238
0020.jpg,0001.jpg,2645.55,1477.97,2617.58,1475.29,182,183,185
0020.jpg,0002.jpg,2645.55,1477.97,2618.01,1476.41,182,183,185
0020.jpg,0003.jpg,2648.12,1846.74,2621.49,1847.86,250,251,253
0020.jpg,0004.jpg,2109.74,1559.58,2087.23,1559.97,251,252,254
0020.jpg,0005.jpg,2621.92,2777.4,2595.52,2779.64,242,243,245
0020.jpg,0006.jpg,2645.55,1477.97,2622.79,1475.81,182,183,185
0020.jpg,0007.jpg,2084.87,1422.64,2065.76,1422.67,64,64,64
0020.jpg,0008.jpg,2149.77,2558.15,2131.09,2557.67,252,253,255
0020.jpg,0009.jpg,2109.74,1559.58,2094.65,1559.16,251,252,254
0020.jpg,0010.jpg,1992.07,1994.29,1962.85,1992.17,106,107,111
0020.jpg,0011.jpg,1549.17,1956.03,1538.52,1956.39,220,221,223
0020.jpg,0012.jpg,2252.52,2544.23,2242.91,2545.0,252,254,253
0020.jpg,0013.jpg,1789.13,2562.74,1779.14,2562.58,246,248,247
0020.jpg,0014.jpg,1774.12,1578.35,1767.35,1578.91,238,239,241
0020.jpg,0015.jpg,2010.0,1465.19,2005.86,1464.89,204,205,207
0020.jpg,0016.jpg,1774.12,1578.35,1770.62,1578.26,238,239,241
0020.jpg,0017.jpg,1616.89,2558.95,1615.4,2559.01,225,229,230
0020.jpg,0018.jpg,1992.07,1994.29,1988.87,1991.49,106,107,111
0020.jpg,0019.jpg,2083.17,1501.22,2083.03,1501.36,230,232,231
