751.016174,17.450502,773.494385,21.488867
445.019714,60.968891,454.486816,60.029472
447.500092,62.482208,456.965881,61.541172
28.474998,79.571281,16.088976,72.457481
36.082661,84.980293,24.088860,77.967583
79.938934,97.003174,73.507446,90.982101
754.486938,147.516388,778.021179,150.487686
561.029907,148.474869,574.995361,149.493973
558.012878,151.499130,572.486328,152.521622
560.534668,153.459183,574.467590,154.033600
843.546936,218.449875,866.469116,221.601913
946.974304,237.046463,930.016418,700.000977
869.515320,265.494049,891.530090,269.003265
213.968674,268.053223,268.549957,574.460754
291.045563,290.401245,302.001587,288.539917
538.472778,358.030029,564.554688,357.951416
148.012009,358.500824,147.980438,356.499939
152.987167,365.527100,153.476669,363.537903
839.465881,414.538818,861.490723,415.532074
513.061218,443.956360,508.536987,503.483490
258.513397,453.478088,267.006989,452.992493
422.005859,463.497711,448.493652,463.512848
416.010437,469.976776,443.039703,469.985321
754.959595,485.037994,188.942780,159.042099
754.959595,485.037994,188.942780,159.042099
116.987198,485.518250,800.982849,464.526093
118.031715,487.481476,118.020187,486.475861
152.091232,498.490356,153.503403,498.464020
197.056763,513.975159,199.489456,513.534302
220.514755,533.491943,224.970734,534.038391
515.504150,534.468811,439.520569,574.435852
677.999939,535.569336,711.470337,535.551941
797.963928,541.535828,828.476929,541.016907
251.986847,558.541748,257.997864,559.018982
453.521545,575.976990,490.986328,576.035095
35.027721,576.977295,29.974394,578.020691
780.480774,578.011719,807.991028,577.503174
184.978683,608.603760,193.482956,610.042358
525.477661,609.992859,559.472351,609.960510
256.490723,681.557251,332.579346,745.985474
666.490845,694.521729,691.973633,693.545105
666.490845,694.521729,691.973633,693.545105
681.989502,695.006897,707.969360,694.029175
671.013794,698.491455,695.501587,697.012329
874.999329,711.008240,902.966675,708.514221
876.976807,714.020935,905.003113,711.492798
881.532471,713.977234,909.067993,710.969116
796.514099,724.486511,823.030029,722.486267
878.440552,726.062927,906.999756,723.033203
893.515198,726.990051,921.516968,724.470886
619.955872,766.020569,213.471298,299.076294
535.013916,916.972961,549.007629,916.486084
652.487488,9.997075,673.493958,12.513885
656.523804,13.981688,677.514343,16.521599
258.983307,19.006645,263.984802,14.506264
706.492737,122.011780,724.997925,124.994255
559.503235,147.479095,572.521301,147.967941
251.497803,148.440170,259.488434,145.036163
408.524506,157.986893,425.022583,156.970596
408.524506,157.986893,425.022583,156.970596
551.529541,159.464798,566.523926,159.973907
951.525757,207.505463,967.016357,212.021225
713.006775,208.003601,729.506165,210.011673
531.001587,226.564133,555.501953,227.041840
629.495300,233.518127,645.480774,235.021103
629.495300,233.518127,645.480774,235.021103
633.036865,233.473175,648.500366,234.514862
182.521988,259.482422,185.547806,256.473450
721.035339,269.967834,743.535889,271.480225
762.995483,275.499268,217.018890,615.999573
209.515701,285.026062,215.941971,283.028442
297.026001,292.479950,307.996643,290.992218
491.985992,308.001343,515.484375,307.988098
350.041351,312.474915,369.039764,311.462402
500.963562,321.006561,522.504578,321.004028
623.500244,375.020325,652.006714,375.997437
642.022217,382.473694,667.504211,382.997253
37.005741,389.988434,31.983389,387.994049
57.530148,399.996735,53.015663,398.491180
932.455139,418.497589,959.434143,419.516571
392.511139,433.975739,421.983582,433.518951
396.982513,437.524872,425.983765,437.516968
399.022369,439.482849,427.476318,439.019623
247.523407,445.477448,257.009766,444.987427
443.004761,478.481628,469.535431,477.999298
439.517975,493.501129,468.529846,493.494019
898.492981,515.013733,922.479858,515.029541
898.492981,515.013733,922.479858,515.029541
199.502228,516.496277,202.481308,516.512451
918.492615,520.496155,941.499573,520.486694
546.489502,537.014954,592.484131,537.008362
192.983658,539.003540,198.468658,539.515686
488.541687,576.971558,491.973480,580.036194
172.965668,582.502747,183.978943,583.005249
305.996704,592.507141,323.514893,593.485046
498.479797,599.008362,534.481995,599.012756
188.493927,603.477905,197.979874,604.493408
487.472290,608.549683,520.974731,608.549377
524.490784,609.535522,558.496277,609.500671
531.021851,609.490662,565.021729,609.471130
722.049988,635.981995,749.025024,634.998657
529.511658,638.479492,558.534912,638.476135
934.991394,645.497681,958.482544,643.507446
596.492432,650.508789,628.499512,649.978271
736.974121,654.519958,762.480713,653.015564
381.016998,668.481750,409.024658,669.476868
382.003662,668.987793,409.024658,669.476868
382.999725,669.499878,409.024658,669.476868
139.510117,680.992432,140.529297,682.982422
675.509338,691.985229,701.971558,691.016724
144.007706,695.005737,145.975204,697.500610
139.492569,701.023071,141.997391,703.521790
903.990601,708.506775,929.497375,706.508545
114.539948,721.986389,120.003830,724.995544
892.497864,724.514343,920.493958,721.995605
910.494202,744.497009,937.481323,741.503967
434.536041,774.464172,448.502197,774.991882
430.057526,782.479736,445.019043,783.473816
648.495178,800.505615,665.994080,799.014709
648.492065,808.548340,664.992920,807.082214
423.496490,827.061340,441.501617,828.021362
375.503937,850.472961,398.971832,851.960205
171.498428,859.027344,185.542358,862.997192
534.477478,916.041443,548.469543,915.549316
524.494141,965.978088,537.997192,965.494080
681.027649,986.491028,698.046753,983.506042
201.989670,987.530640,212.507126,992.533386
330.996674,32.499786,337.504181,29.499908
927.973450,34.005978,943.489014,41.001732
934.993958,56.000393,950.476013,62.499233
934.993958,56.000393,950.476013,62.499233
747.997559,58.001556,769.494873,61.990921
296.998230,64.506081,304.499023,61.489395
273.986115,78.006737,284.986206,74.517204
680.004150,79.513832,700.994690,82.031403
920.998718,102.495567,936.475708,108.004883
422.995178,122.527435,434.991180,121.515907
322.492554,123.507545,334.506042,120.994904
63.982052,152.495300,54.484272,146.989471
406.993225,160.503891,422.997681,159.004837
406.993225,160.503891,422.997681,159.004837
354.003448,236.994720,364.002228,235.502243
347.993530,239.977127,357.514801,238.476959
286.514832,278.987610,297.509399,276.993683
609.496277,333.013062,640.989014,333.994385
864.002991,374.999420,884.478333,376.510010
884.986877,376.515320,904.483032,378.018890
691.993530,404.007568,713.994873,404.983154
694.001404,407.997650,716.498535,408.521820
661.495178,408.494385,683.989380,408.999542
835.020447,413.492310,857.503113,414.992584
299.509033,447.489960,313.492615,447.503021
676.505005,477.990967,701.994568,478.007172
748.991943,486.510193,783.986816,486.513702
751.484802,489.013763,785.987427,489.011383
435.501801,495.994843,465.004700,495.990814
481.488861,498.005890,515.505493,498.497833
447.000854,532.524841,482.494324,532.529053
212.006439,535.501770,216.507538,535.987305
192.017380,538.989258,197.501266,539.488525
445.988739,539.996216,482.490967,539.992615
443.494293,543.004883,480.001770,542.992615
799.998779,559.503235,831.501709,558.997253
40.497047,568.981934,35.499760,569.982666
516.995239,570.021545,557.501404,570.010071
516.995239,570.021545,557.501404,570.010071
502.009247,576.515503,542.494507,576.521118
530.491516,631.517273,560.510620,631.491394
677.017578,697.986572,702.511963,696.985229
677.017578,697.986572,702.511963,696.985229
788.995850,704.509521,814.505188,702.503601
911.495850,707.996399,935.977661,705.007629
884.001038,714.504761,911.995300,712.005066
737.005188,731.478394,763.499756,729.505310
956.998352,734.992920,981.492310,731.496338
959.498108,741.520752,984.007996,738.005310
893.505066,744.484985,921.987183,741.023987
767.005615,772.043945,792.997864,769.973816
138.486679,778.997864,150.000763,782.016357
164.493896,790.001648,176.499695,793.494202
509.998291,791.496216,524.010925,791.490112
193.496353,794.995117,205.998001,797.996094
61.503445,797.000427,67.019547,801.494080
131.000931,808.502075,141.498245,812.004272
35.985226,823.980957,38.984150,828.993713
254.016281,848.491028,267.018738,851.480042
519.997192,863.516846,533.994019,863.492676
338.503235,864.995117,366.503510,866.996765
428.004761,869.996704,445.510651,870.992371
370.005371,874.000732,393.512878,875.980957
67.012215,901.000977,67.522141,906.997498
316.003906,904.005066,332.993439,906.507202
138.991898,975.008728,145.486374,981.008240
859.030029,19.973776,876.022827,25.971136
938.933838,40.977680,954.016846,48.003712
582.986694,59.009281,596.973511,60.020729
903.026001,62.016068,919.023987,68.017883
987.009033,73.005852,1004.015991,80.017090
299.992310,86.974609,312.003876,83.976898
299.992310,86.974609,312.003876,83.976898
795.010315,101.002007,814.002502,105.001152
579.981079,145.974686,592.984436,146.972549
271.970978,160.976471,278.975922,157.994949
271.970978,160.976471,278.975922,157.994949
252.995926,171.980560,258.993927,168.984344
252.995926,171.980560,258.993927,168.984344
130.001877,199.006622,128.007675,194.996841
277.996368,217.963287,283.999023,215.036758
277.996368,217.963287,283.999023,215.036758
238.016098,236.999969,242.035172,234.984879
972.000793,255.987946,986.006714,259.998077
986.974548,281.017242,1000.982239,285.005188
976.946899,284.972015,990.992310,288.973419
225.980225,295.008148,232.057587,292.992401
909.997192,309.039093,926.004578,312.008942
434.005127,349.009125,464.985626,348.978149
615.011902,384.034241,1001.975952,722.992615
684.984863,400.003876,706.001160,401.021545
683.006836,400.989349,706.001160,401.021545
685.989685,409.990570,708.008240,410.957123
207.967270,425.010101,213.029648,423.996307
910.002136,431.020050,937.000549,432.024658
907.006287,431.995728,933.009766,433.030640
699.999512,448.989532,724.955627,448.981506
913.001587,454.992554,935.010498,455.975281
897.964661,464.972107,919.979553,465.014313
187.018448,502.978699,189.039871,502.967834
193.020538,509.938446,195.997894,509.959320
200.015060,513.014343,202.993271,513.025452
529.022766,531.967529,577.026917,531.965027
30.999283,560.966675,26.016531,561.947510
238.984650,564.989624,245.006454,564.999084
244.985321,579.988220,252.993546,580.973022
594.009644,582.012329,637.998718,582.015442
601.000488,589.988098,643.046204,588.961670
218.970154,600.026184,227.983841,601.005615
667.992188,661.014038,701.979004,660.026611
686.003662,663.014404,718.984802,662.021118
195.058105,684.986084,199.003662,686.982483
449.976593,705.991333,464.060638,706.001953
939.991638,710.013489,963.986267,707.004089
354.998108,728.016113,386.027954,729.014771
429.035217,730.997375,443.037170,731.981812
131.037140,740.016846,137.035767,741.988953
761.981628,765.946655,789.022400,763.040649
68.044281,798.999512,74.034439,803.008118
213.006516,814.001526,225.986938,817.012207
656.029480,836.997498,671.989258,835.979187
943.047791,844.990601,967.027161,839.998962
512.060547,848.003845,526.020508,848.005554
36.030411,874.001709,36.028999,880.001160
200.006653,874.027161,211.011078,878.006897
200.006653,874.027161,211.011078,878.006897
247.983261,882.981506,260.011475,886.037048
596.010132,893.941711,609.991211,892.031738
652.982178,903.983521,669.008789,901.962158
646.015930,908.008179,662.031372,905.998535
646.015930,908.008179,662.031372,905.998535
217.977814,916.032288,227.979034,920.033447
29.940653,923.986938,27.965044,930.998291
29.940653,923.986938,27.965044,930.998291
64.008469,929.001587,64.046707,936.002930
413.990906,935.013184,428.004211,936.052490
432.959534,946.994324,445.986145,947.986267
192.961639,950.019043,201.011856,954.993713
152.999603,958.995850,158.006485,964.008362
158.009491,960.984375,166.996414,967.013062
158.009491,960.984375,163.999161,966.006897
160.989578,962.001831,166.996414,967.013062
740.014099,973.003662,759.960815,969.027100
648.969238,996.997131,664.963074,994.994202
229.996674,1001.979553,242.001373,1006.021545
416.013367,34.997108,424.003571,33.002514
416.013367,34.997108,424.003571,33.002514
426.993317,40.000057,434.997498,38.990200
378.018219,41.020607,385.999725,39.978970
872.990845,45.003574,889.979370,50.998596
898.993286,45.986473,915.000427,51.991257
591.022400,48.995110,606.006409,49.999477
517.988159,63.988617,528.993164,63.997189
433.994202,99.987434,444.000458,98.026672
784.013184,104.980278,803.999451,108.992920
784.013184,104.980278,803.999451,108.992920
291.985992,106.012215,301.985687,103.006760
910.993103,110.008514,926.976074,116.007538
673.021729,135.017914,688.986145,136.983398
983.986816,151.987244,997.019775,157.993988
958.984680,164.990082,972.986572,169.997971
45.983639,173.010651,36.004414,167.994232
380.021484,178.986801,393.018341,176.992065
969.999390,181.017609,984.004456,186.990875
410.019257,184.993423,424.011963,183.989975
654.005493,189.017395,668.013855,191.007889
708.993408,194.017944,725.994629,197.000214
404.994202,205.001709,418.008331,204.002655
295.996887,239.997971,303.997131,237.995605
295.996887,239.997971,303.997131,237.995605
984.010498,260.990112,998.013306,264.989716
222.986969,270.006409,822.984741,918.003174
335.986328,273.004456,348.001984,271.990173
302.001190,298.990936,312.003296,297.025116
129.002304,305.993347,127.022865,303.003021
129.002304,305.993347,127.022865,303.003021
149.990616,306.011658,150.003494,303.992432
940.990906,312.002045,956.001282,315.006531
504.990204,315.990173,526.978760,315.995270
722.002075,328.991760,742.003296,330.000122
784.997314,343.006744,804.002319,344.996948
229.012787,368.000885,233.974442,369.000061
757.989624,382.001282,779.983826,382.001556
697.002991,414.994324,719.978210,415.979980
243.001160,448.993988,251.990646,448.031250
423.014984,465.994751,450.004547,465.994873
662.987976,470.008240,686.002686,469.992706
745.009583,494.999237,779.012817,494.995117
215.001999,507.010834,218.002319,507.019104
245.975739,528.995361,250.978073,528.997986
250.993149,538.993774,256.011261,538.993408
414.999664,569.000793,455.000031,569.021118
414.999664,569.000793,455.000031,569.021118
243.973572,577.013855,251.017029,577.989868
700.025208,578.981628,727.993347,577.006042
911.021240,586.999451,932.997192,585.994263
210.002777,591.023132,219.996582,591.994080
910.997620,681.990906,934.004272,679.010132
145.010345,684.002197,146.985657,686.006836
497.026062,685.993530,516.009705,685.994873
920.991089,687.003113,943.985229,684.995605
929.998169,694.006653,952.997681,691.977722
870.008240,698.007629,897.010681,695.992065
413.023804,699.995789,427.998932,698.005310
484.006653,718.007446,499.005280,718.014282
925.008728,724.985535,950.003479,721.031189
430.981018,728.993835,444.989899,729.002808
430.981018,728.993835,444.989899,729.002808
934.983521,732.965698,958.996399,729.011963
936.018127,745.991821,960.997620,742.019470
936.018127,745.991821,960.997620,742.019470
72.995285,762.006592,80.002388,765.996521
515.990112,782.996582,529.997742,782.986206
841.001587,799.997986,866.991882,796.979370
891.996338,809.981750,916.006287,805.991272
226.995743,837.991882,238.997864,840.992432
226.995743,837.991882,238.997864,840.992432
602.005920,850.008606,616.983398,849.989014
257.999115,859.003296,270.985992,862.002441
536.006470,863.024475,549.996643,862.994934
215.010513,868.019043,226.993027,871.991882
609.990173,881.004578,624.012268,879.992676
60.017971,900.015076,60.979649,906.008484
170.008484,917.992188,176.985214,922.014282
55.018593,923.005249,55.018723,929.994812
281.002228,932.002075,294.018097,935.999084
124.981400,932.981384,129.024811,938.015137
660.989380,932.982239,675.990356,930.976440
26.997507,952.994995,25.003981,960.004639
80.023071,967.005371,85.993874,974.999146
495.019012,972.997559,507.994934,973.017578
112.003143,978.000244,118.978928,983.998230
653.973572,977.990112,110.999222,310.006500
92.014191,982.005920,99.007874,988.996338
442.000153,986.982056,455.004822,987.979980
964.998047,41.997173,981.993713,49.006207
263.989716,45.998024,270.997803,42.000023
138.977249,54.012402,137.997726,48.996174
480.997589,57.001259,490.990570,56.994591
765.007690,82.004280,785.011047,85.996597
640.004456,128.997009,655.002869,130.993317
266.007416,143.998383,273.996460,140.994186
46.994400,144.987946,36.995567,138.992905
954.005005,159.004623,968.992126,165.005234
201.006744,175.002487,206.008408,171.000504
244.996597,197.001770,250.008072,194.003250
540.996643,216.985840,563.997192,216.996643
660.985229,232.999664,676.983215,234.997620
194.007553,235.994934,196.992035,232.996841
551.001221,256.004700,570.999023,256.995575
208.005783,300.996216,213.999817,298.993683
113.004463,313.003052,110.999222,310.006500
113.004463,313.003052,110.999222,310.006500
786.003418,312.996765,804.998230,314.993164
711.000000,320.008972,730.998108,321.997955
905.994873,331.000610,921.994324,333.006195
905.994873,331.000610,921.994324,333.006195
228.007721,332.994324,230.994934,330.005768
224.005325,350.000671,228.004364,349.000061
952.996643,386.005280,976.003235,387.996155
473.996033,424.003082,498.002686,424.998840
849.997864,423.996613,940.997620,688.998718
390.007904,444.993103,420.005615,444.997162
269.996887,514.001648,275.995361,513.999084
263.990875,535.000122,144.999420,678.005310
910.993408,588.999878,932.009583,589.000061
833.001648,594.008118,860.999573,592.998840
829.999390,594.996826,856.999817,593.997009
630.994141,634.995117,669.000671,634.007385
142.004547,642.996887,142.992233,643.997131
143.992905,676.008850,144.999420,678.005310
762.993835,677.004883,787.994385,675.991821
762.993835,677.004883,787.994385,675.991821
473.997192,685.010376,489.994385,685.995667
917.005920,692.006531,940.997620,688.998718
924.009338,709.994446,948.001770,706.993347
178.994385,710.989380,182.000473,712.993652
450.999969,720.003479,464.998383,720.990479
800.998108,721.999878,827.990540,720.002869
787.000549,731.991455,814.002258,729.001831
436.996887,853.011658,452.991394,854.008179
438.000549,870.995056,453.005219,870.995911
607.999756,875.997925,622.001648,874.003174
425.000336,879.995361,442.002533,880.993286
728.992981,880.995544,746.002380,877.999756
713.990906,888.011841,730.998657,885.995300
556.988770,896.990906,570.010010,895.998413
448.008606,899.987915,464.000732,900.982849
33.005943,913.991150,32.002163,920.002136
174.997833,930.004578,182.994019,935.006836
174.997833,930.004578,182.994019,935.006836
808.991333,935.994751,833.009338,931.000916
499.997559,960.998474,513.001648,960.998291
122.016518,963.995117,128.990372,970.996460
699.009338,971.996704,716.988770,969.004395
47.991013,82.015404,36.006023,74.015144
961.972778,111.985718,975.991455,117.986816
148.051086,144.006302,147.997498,139.993744
855.989624,169.994034,875.996826,173.978668
549.980103,279.985046,569.999512,279.999969
257.998322,330.001831,262.020050,328.006226
257.998322,330.001831,262.020050,328.006226
207.979523,340.015167,210.008362,337.997589
224.004257,523.999023,228.010223,523.998291
506.008301,607.964966,540.001831,607.964600
678.009155,649.982910,710.015137,648.016846
339.995087,670.025452,372.002136,670.030884
343.995209,720.003418,374.040009,723.993286
528.015991,891.971130,541.997192,890.033386
96.009193,305.981628,93.989639,301.992584
207.992035,356.008209,211.996094,356.005188
421.993958,488.007843,452.006927,489.984528
789.991699,621.998230,814.007568,620.000488
815.991577,711.996155,841.991150,708.017212
842.006653,799.992737,868.011658,796.005188
740.001404,836.016479,760.005371,834.000732
932.006836,872.004089,956.000244,867.997742
200.002060,357.999054,203.999207,357.995453
171.993668,470.004639,898.001465,773.991455
849.999268,856.005737,873.999573,852.005737
725.999146,927.999756,742.004211,925.998413
400.011139,135.998154,412.009247,135.981262
935.995789,468.019470,951.998535,471.982147
551.998657,900.003784,564.007751,900.003357
159.987213,260.026154,151.969223,260.000061
168.019440,551.998413,175.999573,555.992004
111.986809,728.023010,119.985687,732.018494
499.967010,831.941040,511.983948,831.951843
191.969330,836.043823,203.981537,840.037109
747.997559,204.000458,771.995728,567.997498
740.001282,559.994080,771.995728,567.997498
780.010132,627.992004,808.006531,627.992615
780.010132,627.992004,808.006531,627.992615
528.002441,732.008667,548.004028,732.006775
